,sample,date,time,n_iter,df,cnc_uranine,cnc_SrB,area1,area2,area3
0,Bear.230502.1200.A1_CorrectionData.txt,2023-05-02 12:00:00,0.0,15,1,0.000260402613581652,0.003978625448797515,9.55232038169727,0.0,16.48360595409291
1,Bear.230502.1215.B1_CorrectionData.txt,2023-05-02 12:15:00,0.25,15,1,0.003377925367078664,0.00608142977903483,123.91206404570161,1.8817185134198128e-17,25.195609238711768
2,Bear.230502.1230.C1_CorrectionData.txt,2023-05-02 12:30:00,0.5,15,1,0.0,0.007880350339935994,0.0,0.0,32.64860979134552
3,Bear.230502.1245.D1_CorrectionData.txt,2023-05-02 12:45:00,0.75,15,1,0.0,0.00406094461374407,0.0,1.6625859421045202e-17,16.82465757981432
4,Bear.230502.1300.A2_CorrectionData.txt,2023-05-02 13:00:00,1.0,15,1,3.3335587515723184e-05,0.010663427569092183,1.2228456837759343,30.197525433476933,44.179011176347586
5,Bear.230502.1315.B2_CorrectionData.txt,2023-05-02 13:15:00,1.25,15,1,0.0,0.001869459262407964,0.0,0.0,7.745245242443113
6,Bear.230502.1330.C2_CorrectionData.txt,2023-05-02 13:30:00,1.5,15,1,0.00020471912977556466,0.011437121733261064,7.509689280692545,5.510528632985562,47.384457352487544
7,Bear.230502.1345.D2_CorrectionData.txt,2023-05-02 13:45:00,1.75,15,1,3.6835299564564365e-22,0.0,1.3512252352497319e-17,0.0,0.0
8,Bear.230502.1400.A3_CorrectionData.txt,2023-05-02 14:00:00,2.0,15,1,4.4459631311425494e-21,0.0027009288495845806,1.6309077566370468e-16,0.0,11.190057329988067
9,Bear.230502.1415.B3_CorrectionData.txt,2023-05-02 14:15:00,2.25,15,1,9.635638932230945e-23,0.0012662293142358567,3.5346308125346214e-18,9.798098541995084e-19,5.246039199214751
10,Bear.230502.1430.C3_CorrectionData.txt,2023-05-02 14:30:00,2.5,15,1,0.0,0.0020379671789363665,0.0,3.8935514476155537e-16,8.443380347630978
11,Bear.230502.1445.D3_CorrectionData.txt,2023-05-02 14:45:00,2.75,15,1,2.877311298518521e-22,0.005433857788116128,1.0554809332859516e-17,1.1415076347961117e-17,22.512692321152347
12,Bear.230502.1500.A4_CorrectionData.txt,2023-05-02 15:00:00,3.0,15,1,2.148615142635713e-22,0.0007651740478372974,7.881741253333047e-18,0.0,3.170146990001358
13,Bear.230502.1515.B4_CorrectionData.txt,2023-05-02 15:15:00,3.25,15,1,0.00043793417943319623,0.009304860806429291,16.06469125061172,0.0,38.5504141982553
14,Bear.230502.1530.C4_CorrectionData.txt,2023-05-02 15:30:00,3.5,15,1,6.97916218817539e-05,0.01011065960582506,2.5601583755369828,3.190117793946983,41.888871175032406
15,Bear.230502.1545.D4_CorrectionData.txt,2023-05-02 15:45:00,3.75,15,1,3.5224720738258066e-22,0.00319090176229187,1.2921445496250783e-17,4.056042850972788e-17,13.220034900178078
16,Bear.230502.1600.A5_CorrectionData.txt,2023-05-02 16:00:00,4.0,15,1,2.549940778777758e-22,0.001903780576204025,9.353919662408506e-18,8.15835125690981e-18,7.8874398319368355
17,Bear.230502.1615.B5_CorrectionData.txt,2023-05-02 16:15:00,4.25,15,1,9.796599571347039e-22,0.003653944270547882,3.5936758264279854e-17,0.020759540009853063,15.138438716851438
18,Bear.230502.1630.C5_CorrectionData.txt,2023-05-02 16:30:00,4.5,15,1,0.0,0.008404281505578596,0.0,1.4764502759775655,34.81927777521704
19,Bear.230502.1645.D5_CorrectionData.txt,2023-05-02 16:45:00,4.75,15,1,0.010436264907535783,0.0019877129611687696,382.8323556890377,0.0,8.235175093360912
20,Bear.230502.1700.A6_CorrectionData.txt,2023-05-02 17:00:00,5.0,15,1,0.0,0.0013054520551351882,0.0,0.0,5.408540599194352
21,Bear.230502.1715.B6_CorrectionData.txt,2023-05-02 17:15:00,5.25,15,1,0.0,0.0022317142846812682,0.0,1.509361347586286e-19,9.246082433299827
22,Bear.230502.1730.C6_CorrectionData.txt,2023-05-02 17:30:00,5.5,15,1,0.0,0.0017439924766152932,0.0,3.2455594455264625e-18,7.225431280573936
23,Bear.230502.1745.D6_CorrectionData.txt,2023-05-02 17:45:00,5.75,15,1,3.782967005978504e-23,0.17646549597504876,1.387701618561747e-18,2.451073548368602e-19,731.1036782880411
24,Bear.230502.1800.A7.50x_CorrectionData.txt,2023-05-02 18:00:00,6.0,15,51,0.001903419936624586,264.49126201424417,1.3690773295671166,855.8142952186711,21486.234958018336
25,Bear.230502.1815.B7.100x_CorrectionData.txt,2023-05-02 18:15:00,6.25,15,101,0.039641789330111296,741.6266500147381,14.397776139482792,1059.0552673588402,30421.67494660117
26,Bear.230502.1830.C7.100x_CorrectionData.txt,2023-05-02 18:30:00,6.5,15,101,3.74182984161747e-19,567.5824810362484,1.359021106817769e-16,853.1836856636148,23282.347988879625
27,Bear.230502.1845.D7.50x_CorrectionData.txt,2023-05-02 18:45:00,6.75,15,51,0.008203745181754095,218.987292373773,5.900727070140071,763.1465208364538,17789.67055822715
28,Bear.230502.1900.A8.25x_CorrectionData.txt,2023-05-02 19:00:00,7.0,15,26,0.04211629088636577,97.84306181673867,59.42104838554825,450.98294978670816,15591.067598257338
29,Bear.230502.1915.B8.100x_CorrectionData.txt,2023-05-02 19:15:00,7.25,15,101,0.45173461982156354,456.49867348362994,164.06862658202257,614.3807675940917,18725.66777097025
30,Bear.230502.1930.C8.25x_CorrectionData.txt,2023-05-02 19:30:00,7.5,15,26,0.009873674323218281,152.17728971383417,13.93057335666355,1038.0469376032247,24249.102254096488
31,Bear.230502.1945.D8.25x_CorrectionData.txt,2023-05-02 19:45:00,7.75,15,26,0.020379328148074194,50.09820496787552,28.752794191183252,393.9999953807252,7983.0341130215265
32,Bear.230502.2000.A9.10x_CorrectionData.txt,2023-05-02 20:00:00,8.0,15,11,0.003127761299226612,18.252850160414667,10.430483918988614,232.94528908678632,6874.754141175509
33,Bear.230502.2015.B9.10x_CorrectionData.txt,2023-05-02 20:15:00,8.25,15,11,0.0010604170247583942,23.77187382774666,3.536287352522427,285.2483906499967,8953.439413819762
34,Bear.230502.2045.D9.2x_CorrectionData.txt,2023-05-02 20:45:00,8.75,15,2,0.00045923930286829,7.455591709521386,8.42311237304399,720.4297146157311,15444.408813538324
35,Bear.230502.2100.A10_CorrectionData.txt,2023-05-02 21:00:00,9.0,15,1,1.867437211280958e-23,8.062515815626568,6.850299345887939e-19,1620.2299391991985,33403.32871585018
36,Bear.230502.2130.C10_CorrectionData.txt,2023-05-02 21:30:00,9.5,15,1,1.2583703401338239e-19,6.934649359003168,4.616066053428662e-15,972.0098678481278,28730.532425001005
37,Bear.230502.2145.D10_CorrectionData.txt,2023-05-02 21:45:00,9.75,15,1,0.0024131999815115734,5.475339983893526,88.52314902467899,734.2350439940208,22684.554733964243
38,Bear.230502.2200.A11_CorrectionData.txt,2023-05-02 22:00:00,10.0,15,1,6.395252687103133e-05,5.034863550499019,2.345963496636113,752.3552256382558,20859.64307701656
39,Bear.230502.2215.B11_CorrectionData.txt,2023-05-02 22:15:00,10.25,15,1,0.019477797259653745,5.368280416726414,714.5018907255214,777.2351232488886,22241.002622434924
40,Bear.230502.2230.C11.3x_CorrectionData.txt,2023-05-02 22:30:00,10.5,15,4,1.2661956584016638,5.664056809014831,11611.928955519352,114.83140781220371,5866.604040951841
41,Bear.230502.2245.D11.25x_CorrectionData.txt,2023-05-02 22:45:00,10.75,15,26,5.273364064717417,3.3557827501857473,7440.085882435219,100.30288202005605,534.736288212325
42,Bear.230502.2300.A12.50x_CorrectionData.txt,2023-05-02 23:00:00,11.0,15,51,15.275743838711564,2.99534102276917,10987.420158549801,1.1653077614851657e-18,243.3297815000909
43,Bear.230502.2315.B12.50xa_CorrectionData.txt,2023-05-02 23:15:00,11.25,15,51,11.670532104489652,3.4089338084221477,8394.291044663638,107.39542492463247,276.928440683783
44,Bear.230502.2330.C12.50x_CorrectionData.txt,2023-05-02 23:30:00,11.5,15,51,12.66709620706021,3.3620897061708495,9111.092047972057,74.08834650176539,273.12300915570995
45,Bear.230502.2345.D12.50x_CorrectionData.txt,2023-05-02 23:45:00,11.75,15,51,8.754019306840172,2.6700987435649846,6296.524032863236,141.218763141108,216.9083716733792
46,Bear.230503.0000.A13.25x_CorrectionData.txt,2023-05-03 00:00:00,12.0,15,26,5.78772561169319,2.183108164955622,8165.788496014784,2.583970640797768e-17,347.87328137668413
47,Bear.230503.0015.B13.50x_CorrectionData.txt,2023-05-03 00:15:00,12.25,15,51,10.225943312401723,2.1924494434065287,7355.238270370667,0.01095357420121351,178.1060119561614
48,Bear.230503.0030.C13.25x_CorrectionData.txt,2023-05-03 00:30:00,12.5,15,26,4.283206774370386,3.864465282670495,6043.092390825034,105.12043270096642,615.7936836245528
49,Bear.230503.0045.D13.10x_CorrectionData.txt,2023-05-03 00:45:00,12.75,15,11,2.2788471131244123,1.9295691933024701,7599.517959748138,49.14721493867134,726.7530103933907
50,Bear.230503.0100.A14.5x_CorrectionData.txt,2023-05-03 01:00:00,13.0,15,6,1.1719536600705358,1.8400899669352155,7165.107830216549,17.749360972028818,1270.5945108172623
51,Bear.230503.0115.B14.5x_CorrectionData.txt,2023-05-03 01:15:00,13.25,15,6,1.4261215371087232,1.7298275908553569,8719.043201557277,45.483110022856636,1194.4575977781242
52,Bear.230503.0130.C14.3x_CorrectionData.txt,2023-05-03 01:30:00,13.5,15,4,0.9395755871435126,2.1072612408875746,8616.5869341418,3.359883535686068e-17,2182.617111370831
53,Bear.230503.0145.D14.2x_CorrectionData.txt,2023-05-03 01:45:00,13.75,15,2,0.4721271584477832,1.7432470687958936,8659.494266134632,13.243833097740763,3611.1715129334125
54,Bear.230503.0215.B15_CorrectionData.txt,2023-05-03 02:15:00,14.25,15,1,0.3941133994805732,1.750630843829798,14457.21840797814,145.13053476418727,7252.934304105728
55,Bear.230503.0230.C15_CorrectionData.txt,2023-05-03 02:30:00,14.5,15,1,0.2912013057851289,1.6784651779716395,10682.105414260486,126.18335307238591,6953.949035266173
56,Bear.230503.0245.D15_CorrectionData.txt,2023-05-03 02:45:00,14.75,15,1,0.23628486975078253,1.541402872996524,8667.611842149798,128.41108028971215,6386.094369013951
57,Bear.230503.0315.B16_CorrectionData.txt,2023-05-03 03:15:00,15.25,15,1,0.21880065483004119,1.6908832984899285,8026.240312700828,148.05970123628936,7005.397810213254
58,Bear.230503.0330.C16_CorrectionData.txt,2023-05-03 03:30:00,15.5,15,1,0.17320031411584202,1.4587740478574305,6353.488038730272,197.25819734770835,6043.75980860588
59,Bear.230503.0345.D16_CorrectionData.txt,2023-05-03 03:45:00,15.75,15,1,0.1604181767150514,1.363434944869717,5884.602300849835,277.67159055005,5648.76605362924
60,Bear.230503.0415.B17_CorrectionData.txt,2023-05-03 04:15:00,16.25,15,1,0.1470116965327308,1.5190578674926596,5392.813865507399,222.61026201314016,6293.518108567254
61,Bear.230503.0430.C17_CorrectionData.txt,2023-05-03 04:30:00,16.5,15,1,0.12349271688845717,1.2898458352743256,4530.06972664232,67.88280391858683,5343.8833998851915
62,Bear.230503.0445.D17_CorrectionData.txt,2023-05-03 04:45:00,16.75,15,1,0.1107643979274445,1.200998508974795,4063.1582046583026,48.96651001280214,4975.785337968152
63,Bear.230503.0515.B18_CorrectionData.txt,2023-05-03 05:15:00,17.25,15,1,0.10492868628424655,1.348689356943957,3849.0874374555437,180.75285437949108,5587.674487193118
64,Bear.230503.0530.C18_CorrectionData.txt,2023-05-03 05:30:00,17.5,15,1,0.09383364582412215,1.1070075820903325,3442.089290757719,125.21737629565459,4586.3771310479215
65,Bear.230503.0545.D18_CorrectionData.txt,2023-05-03 05:45:00,17.75,15,1,0.08408932710862178,1.0506268137098609,3084.6395209894067,69.9840746018539,4352.789330101854
66,Bear.230503.0615.B19_CorrectionData.txt,2023-05-03 06:15:00,18.25,15,1,0.08403672620457237,1.1318426178808159,3082.709967821964,41.43211133612437,4689.269687558826
67,Bear.230503.0630.C19_CorrectionData.txt,2023-05-03 06:30:00,18.5,15,1,0.07623371663992588,1.1161806380377906,2796.4730277323456,58.1991485920297,4624.381472391097
68,Bear.230503.0645.D19_CorrectionData.txt,2023-05-03 06:45:00,18.75,15,1,0.06782438907659465,1.0054019619639245,2487.9945913037886,94.96056813116763,4165.420942424749
69,Bear.230503.0715.B20_CorrectionData.txt,2023-05-03 07:15:00,19.25,15,1,0.06554831083142862,0.9780251480211394,2404.5014638247903,32.537685909614574,4051.9976963517174
70,Bear.230503.0730.C20_CorrectionData.txt,2023-05-03 07:30:00,19.5,15,1,0.0626092384251788,0.9803988744478025,2296.687794586402,15.372756772398475,4061.832140825941
71,Bear.230503.0745.D20_CorrectionData.txt,2023-05-03 07:45:00,19.75,15,1,0.05545191014696799,0.9261947015484462,2034.1363099830667,37.055410758555986,3837.262062883431
72,Bear.230503.0815.B21_CorrectionData.txt,2023-05-03 08:15:00,20.25,15,1,0.050605196012687564,0.9882183728669026,1856.3448294277837,50.921441469400875,4094.228638651102
73,Bear.230503.0830.C21_CorrectionData.txt,2023-05-03 08:30:00,20.5,15,1,0.04789809716868238,0.8748853472795233,1757.0406208133359,43.12641706593518,3624.685335465297
74,Bear.230503.0845.D21_CorrectionData.txt,2023-05-03 08:45:00,20.75,15,1,0.04491076364795275,0.8060641525228116,1647.4565944301085,20.437988729492805,3339.5563455015945
75,Bear.230503.0915.B22_CorrectionData.txt,2023-05-03 09:15:00,21.25,15,1,0.037668227892366464,0.8815118626375782,1381.7794533227475,36.40277112011544,3652.139256277053
76,Bear.230503.0930.C22_CorrectionData.txt,2023-05-03 09:30:00,21.5,15,1,0.04043670371587204,0.7844863024466859,1483.3351469134195,20.110294726988343,3250.1584409818693
77,Bear.230503.0945.D22_CorrectionData.txt,2023-05-03 09:45:00,21.75,15,1,0.03904284640122542,0.7315217648173089,1432.2044326216378,12.446269830837654,3030.7242220389317
78,Bear.230503.1015.B23_CorrectionData.txt,2023-05-03 10:15:00,22.25,15,1,0.03279636001615417,0.7777622842860078,1203.065260823729,26.7369070883484,3222.300562120143
79,Bear.230503.1030.C23_CorrectionData.txt,2023-05-03 10:30:00,22.5,15,1,0.03628333473035767,0.6993318329171692,1330.9775700544687,9.720973832622157,2897.3600338388696
80,Bear.230503.1045.D23_CorrectionData.txt,2023-05-03 10:45:00,22.75,15,1,0.03429239623728817,0.6022125665549157,1257.944192683661,76.1666653299625,2494.9909900904013
81,Bear.230503.1115.B24_CorrectionData.txt,2023-05-03 11:15:00,23.25,15,1,0.025082022683464728,0.6236303495598637,920.0810744486898,51.4750667951369,2583.7257302682015
82,Bear.230503.1130.C24_CorrectionData.txt,2023-05-03 11:30:00,23.5,15,1,0.030065966083723132,0.6233135890934766,1102.906521047312,34.822809731692125,2582.41337886017
83,Bear.230503.1145.D24_CorrectionData.txt,2023-05-03 11:45:00,23.75,15,1,0.02873246899578418,0.5369764208682897,1053.9899943010892,74.12269511214078,2224.7150032449586
84,Bear.230503.1300_CorrectionData.txt,2023-05-03 13:00:00,25.0,15,1,0.02744242054672133,0.5289171942245493,1006.6672891873941,53.83977781367895,2191.3253017011016
85,Bear.230503.1330_CorrectionData.txt,2023-05-03 13:30:00,25.5,15,1,0.0265745768085186,0.5462067143989533,974.8322729617872,119.77555194945262,2262.9564822075126
86,Bear.230503.1343_CorrectionData.txt,2023-05-03 13:43:00,25.716666666666665,15,1,0.028491925397504402,0.5802539218661619,1045.1661599895558,71.65440866523491,2404.015438108058
87,Bear.230503.1404_CorrectionData.txt,2023-05-03 14:04:00,26.066666666666666,15,1,0.02725686581575415,0.55002167578292,999.8606054365707,42.818046056632525,2278.7620213296723
88,Bear.230503.1429_CorrectionData.txt,2023-05-03 14:29:00,26.483333333333334,15,1,0.02433436770599186,0.4813006233668346,892.6549292900044,29.15663064391957,1994.0479251285126
89,Bear.230503.1500.2A1_CorrectionData.txt,2023-05-03 15:00:00,27.0,15,1,0.024274042902835902,0.487828536682143,890.4420411826895,79.63211274599817,2021.0933336940616
90,Bear.230503.1530.2B1_CorrectionData.txt,2023-05-03 15:30:00,27.5,15,1,0.020054049296434038,0.43511753782671847,735.6404806967198,13.731762996314194,1802.709536133509
91,Bear.230503.1600.2A2_CorrectionData.txt,2023-05-03 16:00:00,28.0,15,1,0.02183410682349154,0.45820840688158804,800.9381348271125,43.01329632247627,1898.3759394017695
92,Bear.230503.1630.2B2_CorrectionData.txt,2023-05-03 16:30:00,28.5,15,1,0.020122910098335667,0.8711115236277774,738.1664939054878,33.455887596978094,3609.05023162952
93,Bear.230503.1700.2A3_CorrectionData.txt,2023-05-03 17:00:00,29.0,15,1,0.019405698795950638,0.44039825750457234,711.8571107256298,12.112936562667485,1824.5877710777095
94,Bear.230503.1730.2B3_CorrectionData.txt,2023-05-03 17:30:00,29.5,15,1,0.01897930826156372,0.37366966354844267,696.2158737343206,35.352173869662344,1548.1285107630838
95,Bear.230503.1800.2A4_CorrectionData.txt,2023-05-03 18:00:00,30.0,15,1,0.017738008736255324,0.4100267193482877,650.6814200193368,13.501622783822546,1698.757261613894
96,Bear.230503.1830.2B4_CorrectionData.txt,2023-05-03 18:30:00,30.5,15,1,0.018199629055820305,0.3584477341339592,667.6149873385585,12.865983539532944,1485.063442296989
97,Bear.230503.1900.2A5_CorrectionData.txt,2023-05-03 19:00:00,31.0,15,1,0.01775987806589133,0.3696982716004546,651.4836502287144,15.268786238420919,1531.6748734950474
98,Bear.230503.1930.2B5_CorrectionData.txt,2023-05-03 19:30:00,31.5,15,1,0.017776611687849993,0.34945128480518595,652.0974878392391,20.147902780066183,1447.7907893091885
99,Bear.230503.2000.2A6_CorrectionData.txt,2023-05-03 20:00:00,32.0,15,1,0.016736201238351275,0.3418345748846645,613.9322259573297,15.864092267867669,1416.234452425441
100,Bear.230503.2030.2B6_CorrectionData.txt,2023-05-03 20:30:00,32.5,15,1,0.018265826336883742,0.32347354499971687,670.0432949058976,29.129273314022456,1340.1639639037646
101,Bear.230503.2045.2D6_CorrectionData.txt,2023-05-03 20:45:00,32.75,15,1,0.016199196547367,0.31634832825050707,594.2333420475195,41.855772586843365,1310.643903083017
102,Bear.230503.2100.2A7_CorrectionData.txt,2023-05-03 21:00:00,33.0,15,1,0.015812529118344652,1.155454696493722,580.0492633534302,127.03563567161895,4787.095483080705
103,Bear.230503.2130.2B7_CorrectionData.txt,2023-05-03 21:30:00,33.5,15,1,0.014976478478534632,0.2965420013663164,549.3805098530582,17.429690219735207,1228.5854907095604
104,Bear.230503.2145.2D7_CorrectionData.txt,2023-05-03 21:45:00,33.75,15,1,0.015637731745837595,0.28891269500971006,573.637190597706,11.69401021289214,1196.97696628227
105,Bear.230503.2200.2A8_CorrectionData.txt,2023-05-03 22:00:00,34.0,15,1,0.013917801466538302,0.6375722838641342,510.54517767173996,46.25247991653921,2641.4877272862677
106,Bear.230503.2230.2B8_CorrectionData.txt,2023-05-03 22:30:00,34.5,15,1,0.013944864462795093,0.2908567430790545,511.53792658150655,27.866144068399034,1205.031235964925
107,Bear.230503.2300.2A9_CorrectionData.txt,2023-05-03 23:00:00,35.0,15,1,0.013831212206727709,0.35197635361529345,507.3688333948979,12.033700854191288,1458.2522513916176
108,Bear.230503.2330.2B9_CorrectionData.txt,2023-05-03 23:30:00,35.5,15,1,0.014952970047231878,0.28298287340572875,548.5181526578428,33.57037080829046,1172.4094758371373
109,Bear.230504.0000.2A10_CorrectionData.txt,2023-05-04 00:00:00,36.0,15,1,0.01317982918203538,0.3247986396569012,483.4742216723888,8.466232273661324,1345.653884596727
110,Bear.230504.0030.2B10_CorrectionData.txt,2023-05-04 00:30:00,36.5,15,1,0.013616373474373198,0.2688707547104868,499.48792784782466,17.32583169094765,1113.942398012543
111,Bear.230504.0045.2D10_CorrectionData.txt,2023-05-04 00:45:00,36.75,15,1,0.011855084786141218,0.2558493591706727,434.87876896403446,15.309022142511594,1059.9942302815114
112,Bear.230504.0100.2A11_CorrectionData.txt,2023-05-04 01:00:00,37.0,15,1,0.012298393620632566,0.2927770433445657,451.14061809394093,4.980819483288827,1212.9871175369874
113,Bear.230504.0130.2B11_CorrectionData.txt,2023-05-04 01:30:00,37.5,15,1,0.012957394453010794,0.2698274311237894,475.31467301642795,23.085434891074634,1117.9059470385566
114,Bear.230504.0145.2D11_CorrectionData.txt,2023-05-04 01:45:00,37.75,15,1,0.011637296712487701,0.23752636050198633,426.88967305506134,10.352616188861315,984.0813066251067
115,Bear.230504.0200.2A12_CorrectionData.txt,2023-05-04 02:00:00,38.0,15,1,0.01138686347072883,0.2558977417543476,417.7030580414694,10.002157912580673,1060.1946812801293
116,Bear.230504.0230.2B12_CorrectionData.txt,2023-05-04 02:30:00,38.5,15,1,0.011444214124365882,0.3712265575167566,419.8068457496872,83.23767517825472,1538.006623782606
117,Bear.230504.0245.2D12_CorrectionData.txt,2023-05-04 02:45:00,38.75,15,1,0.011501116719145964,0.23123817081461906,421.8941973642239,10.240730573472367,958.0290827339434
118,Bear.230504.0300.2A13_CorrectionData.txt,2023-05-04 03:00:00,39.0,15,1,0.011652263265066434,0.25538832741792034,427.43868945422565,5.687595753479993,1058.0841571061158
119,Bear.230504.0330.2B13_CorrectionData.txt,2023-05-04 03:30:00,39.5,15,1,0.011428542164820815,0.23236247582735536,419.23195298450173,8.833075565792273,962.687123818901
120,Bear.230504.0345.2D13_CorrectionData.txt,2023-05-04 03:45:00,39.75,15,1,0.015693889528078382,0.3182029280817741,575.6972203359305,39.40978437868412,1318.3275851019848
121,Bear.230504.0400.2A14_CorrectionData.txt,2023-05-04 04:00:00,40.0,15,1,0.010767376430259287,0.25371656173500023,394.97848319376334,12.756791825771083,1051.1579643494795
122,Bear.230504.0430.2B14_CorrectionData.txt,2023-05-04 04:30:00,40.5,15,1,0.011528295748202957,0.21599072280882614,422.8912026924153,8.106256858896693,894.8582897132101
123,Bear.230504.0445.2D14_CorrectionData.txt,2023-05-04 04:45:00,40.75,15,1,0.01072145983661273,0.217500244388574,393.29412984832123,12.110757290729248,901.1122985964247
124,Bear.230504.0500.2A15_CorrectionData.txt,2023-05-04 05:00:00,41.0,15,1,0.010333640207314554,0.24116468467531127,379.0677851184684,33.283216394462094,999.1550306481772
125,Bear.230504.0530.2B15_CorrectionData.txt,2023-05-04 05:30:00,41.5,15,1,0.009729815036119,0.21814575806239636,356.9177328956456,10.238194482568712,903.7866878231066
126,Bear.230504.0545.2D15_CorrectionData.txt,2023-05-04 05:45:00,41.75,15,1,0.009457457922635389,0.20486370841600401,346.92688691124476,17.18094627212856,848.7586195991926
127,Bear.230504.0600.2A16_CorrectionData.txt,2023-05-04 06:00:00,42.0,15,1,0.009579199580769103,0.2268647457845675,351.39272274252625,20.52482160030703,939.9098061664733
128,Bear.230504.0630.2B16_CorrectionData.txt,2023-05-04 06:30:00,42.5,15,1,0.009699912157483732,0.20800022725683134,355.82080889350027,18.465497789574204,861.7533438589019
129,Bear.230504.0645.2D16_CorrectionData.txt,2023-05-04 06:45:00,42.75,15,1,0.009913878352827666,0.20341535020723905,363.66970726155444,15.459859219549084,842.7580130327028
130,Bear.230504.0700.2A17_CorrectionData.txt,2023-05-04 07:00:00,43.0,15,1,0.008895719029192086,0.2056690567387295,326.32068097795445,0.0,852.0952102329273
131,Bear.230504.0730.2B17_CorrectionData.txt,2023-05-04 07:30:00,43.5,15,1,0.010541668660468089,0.19451810994000956,386.69886994399906,0.0,805.8963871945067
132,Bear.230504.0745.2D17_CorrectionData.txt,2023-05-04 07:45:00,43.75,15,1,0.008859295692884616,0.1868834928318058,324.98456774547276,6.510655308721768e-17,774.2658601088162
133,Bear.230504.0800.2A18_CorrectionData.txt,2023-05-04 08:00:00,44.0,15,1,0.00851534046176551,0.189441465876811,312.36729590084815,4.003636716848402,784.863645765619
134,Bear.230504.0830.2B18_CorrectionData.txt,2023-05-04 08:30:00,44.5,15,1,0.00906371753985023,0.18986020635181658,332.4833518336038,5.2189101868319484e-18,786.5985044689202
135,Bear.230504.0845.2D18_CorrectionData.txt,2023-05-04 08:45:00,44.75,15,1,0.008423214018763442,0.18204217446306675,308.9878317431047,3.4977805284078576,754.2080825382421
136,Bear.230504.0900.2A19_CorrectionData.txt,2023-05-04 09:00:00,45.0,15,1,0.00806577064965538,0.19019167496786032,295.8757760188143,4.612510374583759,787.9717923351266
137,Bear.230504.0930.2B19_CorrectionData.txt,2023-05-04 09:30:00,45.5,15,1,0.008728880399344574,0.18015794724643566,320.2005579022807,1.8857444133098142,746.4016530648894
138,Bear.230504.0945.2D19_CorrectionData.txt,2023-05-04 09:45:00,45.75,15,1,0.00840949125968802,0.18073522294035196,308.4844412839756,6.29918348256523,748.7933295842932
139,Bear.230504.1000.2A20_CorrectionData.txt,2023-05-04 10:00:00,46.0,15,1,0.007254183871977041,0.18765226168538826,266.1044276774816,1.2169838197211507,777.4509005242348
140,Bear.230504.1015.3D2_CorrectionData.txt,2023-05-04 10:15:00,46.25,15,1,0.006937272084697762,0.12361872402622628,254.47918750346648,4.4634909424836845e-18,512.157367316879
141,Bear.230504.1030.2B20_CorrectionData.txt,2023-05-04 10:30:00,46.5,15,1,0.007538564091363833,0.17003241757439164,276.5363159309696,9.21863322448818,704.4511746048237
142,Bear.230504.1045.2D20_CorrectionData.txt,2023-05-04 10:45:00,46.75,15,1,0.00711241296477892,0.1684856744258104,260.9038611096822,4.060906882161707,698.0429552583375
143,Bear.230504.1100.2A21_CorrectionData.txt,2023-05-04 11:00:00,47.0,15,1,0.005855670983309904,0.1818902009535349,214.80293347687697,7.891055236103183,753.5784501491614
144,Bear.230504.1130.2B21_CorrectionData.txt,2023-05-04 11:30:00,47.5,15,1,0.006820079986323593,0.16609742981038772,250.18024267155357,3.7734779103185705,688.1483613416095
145,Bear.230504.1145.2D21_CorrectionData.txt,2023-05-04 11:45:00,47.75,15,1,0.006756932391381488,0.15893396406529603,247.8638064041753,15.060453997111914,658.4698333858247
146,Bear.230504.1200.2A22_CorrectionData.txt,2023-05-04 12:00:00,48.0,15,1,0.008217675029863966,0.16781334582286536,301.44806766050544,13.659872289058484,695.2574706970902
147,Bear.230504.1230.2B22_CorrectionData.txt,2023-05-04 12:30:00,48.5,15,1,0.00716505835974634,0.17591954989961545,262.83504633256825,18.04722537917879,728.8418016435969
148,Bear.230504.1245.2D22_CorrectionData.txt,2023-05-04 12:45:00,48.75,15,1,0.005952517311577245,0.1604642346359327,218.3555366657485,0.0,664.8098061764637
149,Bear.230504.1300.2A23_CorrectionData.txt,2023-05-04 13:00:00,49.0,15,1,0.006020817379848446,0.15165393139792346,220.86098054453558,8.42578314662496,628.3083639622171
150,Bear.230504.1330.2B23_CorrectionData.txt,2023-05-04 13:30:00,49.5,15,1,0.006313802406011522,0.16057812892940365,231.60851797688207,5.009246449677938,665.2816748351639
151,Bear.230504.1345.2D23_CorrectionData.txt,2023-05-04 13:45:00,49.75,15,1,0.006926340908346286,0.15008508386129654,254.0782003658109,4.185377900143441,621.8085652431334
152,Bear.230504.1500.3A1_CorrectionData.txt,2023-05-04 15:00:00,51.0,15,1,0.00712617655902709,0.146861712906158,261.4087495209538,10.169017551005552,608.4540091653729
153,Bear.230504.1630.3C1_CorrectionData.txt,2023-05-04 16:30:00,52.5,15,1,0.00804824799623386,0.13920191298563622,295.2329944540766,1.716788238547304e-19,576.7191486709693
154,Bear.230504.1715.3D1_CorrectionData.txt,2023-05-04 17:15:00,53.25,15,1,0.006777168183262734,0.13817642107802286,248.6061137280855,1.0297617194114782e-16,572.4704942721696
155,Bear.230504.1800.3A2_CorrectionData.txt,2023-05-04 18:00:00,54.0,15,1,0.006647573727262974,0.18039853366060712,243.85221457794,0.08752846291369147,747.3984122974804
156,Bear.230504.1845.3B2_CorrectionData.txt,2023-05-04 18:45:00,54.75,15,1,0.0058445379070727966,0.1554673715118462,214.39454006796302,6.232591001206649e-19,644.1076004011314
157,Bear.230504.1930.3C2_CorrectionData.txt,2023-05-04 19:30:00,55.5,15,1,0.006930785128179954,0.13468432025128985,254.24122719228544,6.116462604863521,558.0025794808372
158,Bear.230504.2100.3A3_CorrectionData.txt,2023-05-04 21:00:00,57.0,15,1,0.0063015397105214395,0.12517454455455887,231.15868686937773,3.853228924039423,518.6031946143628
159,Bear.230504.2145.3B3_CorrectionData.txt,2023-05-04 21:45:00,57.75,15,1,0.006337664286854793,0.1492318446547004,232.4838407226476,13.556812327127291,618.2735607429324
160,Bear.230504.2230.3C3_CorrectionData.txt,2023-05-04 22:30:00,58.5,15,1,0.006305948110499444,0.12760947328294656,231.32039972003375,14.959376032303705,528.6912026969467
161,Bear.230504.2315.3D3_CorrectionData.txt,2023-05-04 23:15:00,59.25,15,1,0.006331094889137123,0.11446574229607091,232.24285623001578,1.2284685531045142e-18,474.23619426690203
162,Bear.230505.0000.3A4_CorrectionData.txt,2023-05-05 00:00:00,60.0,15,1,0.00634376197687398,0.1204703525844466,232.7075216137508,13.73725701276531,499.1135372526289
163,Bear.230505.0045.3B4_CorrectionData.txt,2023-05-05 00:45:00,60.75,15,1,0.006637012930410228,0.1370188809246742,243.46481403062631,1.5874747843427672e-16,567.6747586570953
164,Bear.230505.0130.3C4_CorrectionData.txt,2023-05-05 01:30:00,61.5,15,1,0.006784903315188157,0.10952118174633292,248.88986072021453,0.8208943252515878,453.7506801698996
165,Bear.230505.0215.3D4_CorrectionData.txt,2023-05-05 02:15:00,62.25,15,1,0.00567847574666422,0.1170750999706529,208.30290013516282,4.834085989486219,485.04686851976425
166,Bear.230505.0300.3A5_CorrectionData.txt,2023-05-05 03:00:00,63.0,15,1,0.007411072246931113,0.10304249651083772,271.8595466492627,0.0,426.9092255276239
167,Bear.230505.0345.3B5_CorrectionData.txt,2023-05-05 03:45:00,63.75,15,1,0.006346594330221765,0.1183602453028515,232.81142051952634,0.0,490.3712775455262
168,Bear.230505.0430.3C5_CorrectionData.txt,2023-05-05 04:30:00,64.5,15,1,0.005713437651185209,0.10149956007110293,209.5854038264481,1.9694164239494443,420.51677752966367
169,Bear.230505.0515.3D5_CorrectionData.txt,2023-05-05 05:15:00,65.25,15,1,0.00596251221678114,0.10884437282318583,218.72217867205987,5.7681858320621755,450.946633461069
170,Bear.230505.0600.3A6_CorrectionData.txt,2023-05-05 06:00:00,66.0,15,1,0.006216989604927143,0.10429337127682697,228.05714466196892,7.55900772583523,432.0916502131938
171,Bear.230505.0645.3B6_CorrectionData.txt,2023-05-05 06:45:00,66.75,15,1,0.005385560239377512,0.37847773675881896,197.55791285609826,7.995859592227903,1568.0485522995966
172,Bear.230505.0730.3C6_CorrectionData.txt,2023-05-05 07:30:00,67.5,15,1,0.006324209847389452,0.12183647052988389,231.99029300221048,6.932536788463411,504.77341908599146
173,Bear.230505.0815.3D6_CorrectionData.txt,2023-05-05 08:15:00,68.25,15,1,0.0051125405527184175,0.1028798235167752,187.5427617729064,9.19456196492536,426.2352647419185
174,Bear.230505.0900.3A7_CorrectionData.txt,2023-05-05 09:00:00,69.0,15,1,0.005847486141737968,0.09599340402495314,214.5026898353359,1.2132110032642622,397.7045506049325
175,Bear.230505.0945.3B7_CorrectionData.txt,2023-05-05 09:45:00,69.75,15,1,0.004217300534726475,0.11735217593672638,154.70277083443602,7.167523337407859,486.1948054399097
176,Bear.230505.1030.3C7_CorrectionData.txt,2023-05-05 10:30:00,70.5,15,1,0.006137624384994322,0.10735425352732311,225.1457990439863,0.0,444.77300902376106
177,Bear.230505.1115.3D7_CorrectionData.txt,2023-05-05 11:15:00,71.25,15,1,0.004611822628923564,0.08872557637276109,169.1749813456683,0.0,367.593647052249
178,Bear.230505.1200.3A8_CorrectionData.txt,2023-05-05 12:00:00,72.0,15,1,0.0048707421299139814,0.08507219273240937,178.67289687159726,3.1639246600299202,352.4575310489474
179,Bear.230505.1245.3B8_CorrectionData.txt,2023-05-05 12:45:00,72.75,15,1,0.0035768196529644045,0.11029261120984195,131.20808121979096,1.1180738437763572e-17,456.94674359972146
180,Bear.230505.1330.3C8_CorrectionData.txt,2023-05-05 13:30:00,73.5,15,1,0.005621732665255858,0.08184026668225326,206.22139993206505,7.928214585874778e-18,339.0675308669392
181,Bear.230505.1415.3D8_CorrectionData.txt,2023-05-05 14:15:00,74.25,15,1,0.0039768189002203904,0.07932423458407943,145.88120953318568,0.0,328.6435082470965
182,Bear.230505.1500.3A9_CorrectionData.txt,2023-05-05 15:00:00,75.0,15,1,0.004098989180337055,0.08503191134200326,150.3627684574403,13.233111664867568,352.2906436212962
183,Bear.230505.1545.3B9_CorrectionData.txt,2023-05-05 15:45:00,75.75,15,1,0.0031260567991616833,0.08695071048786514,114.67279712080237,7.733362417122952e-17,360.24030599401254
184,Bear.230505.1630.3C9_CorrectionData.txt,2023-05-05 16:30:00,76.5,15,1,0.003946308391613442,0.07932880892800885,144.76199590774056,0.4614989134260799,328.66245993878033
185,Bear.230505.1715.3D9_CorrectionData.txt,2023-05-05 17:15:00,77.25,15,1,0.0041481734872056445,0.08111943770833278,152.166990966955,4.493508126329575,336.08110730952956
186,Bear.230505.1800.3A10_CorrectionData.txt,2023-05-05 18:00:00,78.0,15,1,0.005632596895980778,0.07462226480254419,206.61993131067803,9.375417198213488e-18,309.16305750240423
187,Bear.230505.1845.3B10_CorrectionData.txt,2023-05-05 18:45:00,78.75,15,1,0.0036020197270611566,0.09039075865692713,132.13249276122585,1.7418228351663163,374.4925645219056
188,Bear.230505.1930.3C10_CorrectionData.txt,2023-05-05 19:30:00,79.5,15,1,0.004874327116050149,0.07464278618740382,178.80440452302057,2.6760659578524913e-19,309.24807842885525
189,Bear.230505.2015.3D10_CorrectionData.txt,2023-05-05 20:15:00,80.25,15,1,0.004625864170709545,0.08085819979005845,169.6900656758439,0.0,334.9987880612065
190,Bear.230505.2100.3A11_CorrectionData.txt,2023-05-05 21:00:00,81.0,15,1,0.0062107967558357145,0.07941428219675802,227.82997306110371,3.2638778457531813e-18,329.0165791439685
191,Bear.230505.2145.3B11_CorrectionData.txt,2023-05-05 21:45:00,81.75,15,1,0.005216256869009028,0.0869892202042619,191.34737597546973,5.287027122811248,360.3998533046748
192,Bear.230505.2230.3C11_CorrectionData.txt,2023-05-05 22:30:00,82.5,15,1,0.004264569629445029,0.07719158226413364,156.43673782767758,1.1852903767244773e-18,319.80784353538223
193,Bear.230505.2315.3D11_CorrectionData.txt,2023-05-05 23:15:00,83.25,15,1,0.0044949389283674345,0.07260363072156778,164.88734943693393,4.262800662057135e-18,300.7997749605971
194,Bear.230506.0000.3A12_CorrectionData.txt,2023-05-06 00:00:00,84.0,15,1,0.004433660427016364,0.07239569218415438,162.6394769238105,4.035888216581996,299.9382772002516
195,Bear.230506.0045.3B12_CorrectionData.txt,2023-05-06 00:45:00,84.75,15,1,0.0045175369110136854,0.08444316906081942,165.7163087444001,1.3657721713489464,349.851460567641
196,Bear.230506.0130.3C12_CorrectionData.txt,2023-05-06 01:30:00,85.5,15,1,0.005216588921779539,0.06724423673860992,191.35955663066335,5.150756118655945e-18,278.59558919223986
197,Bear.230506.0215.3D12_CorrectionData.txt,2023-05-06 02:15:00,86.25,15,1,0.00444459156055713,0.06564999399736934,163.0404624910455,0.0,271.9905771145825
198,Bear.230506.0300.3A13_CorrectionData.txt,2023-05-06 03:00:00,87.0,15,1,0.00563729564054206,0.06463435702848352,206.79229483969092,4.647967502735128e-18,267.7827521250291
199,Bear.230506.0345.3B13_CorrectionData.txt,2023-05-06 03:45:00,87.75,15,1,0.0056812863787548806,0.11572474403243173,208.4060022424566,4.1485737749594325,479.4522893190168
200,Bear.230506.0430.3C13_CorrectionData.txt,2023-05-06 04:30:00,88.5,15,1,0.005419841521003953,0.06261736392664335,198.81544933273688,0.0,259.4262682260721
201,Bear.230506.0515.3D13_CorrectionData.txt,2023-05-06 05:15:00,89.25,15,1,0.004111159792357164,0.06500984682818618,150.80922167716176,1.0629903979083775,269.338421533405
202,Bear.230506.0600.3A14_CorrectionData.txt,2023-05-06 06:00:00,90.0,15,1,0.005392892404921088,0.07630250719835771,197.82687787684264,38.96942770194701,316.1243696229814
203,Bear.230506.0645.3B14_CorrectionData.txt,2023-05-06 06:45:00,90.75,15,1,0.003742253776087563,1.0489752772954637,137.2766829300501,15.92831060710532,4345.946948021885
204,Bear.230506.0730.3C14_CorrectionData.txt,2023-05-06 07:30:00,91.5,15,1,0.005390348080556863,0.059998497960211235,197.73354470653476,1.8897191501101986,248.57620073597985
205,Bear.230506.0815.3D14_CorrectionData.txt,2023-05-06 08:15:00,92.25,15,1,0.003920328750009342,0.06202169453250912,143.80898757732984,1.1772077697556655e-17,256.95838586363726
206,Bear.230506.0900.3A15_CorrectionData.txt,2023-05-06 09:00:00,93.0,15,1,0.003994258012932657,0.06557704485604687,146.52092658329073,1.3255057591815798,271.6883458752452
207,Bear.230506.0945.3B15_CorrectionData.txt,2023-05-06 09:45:00,93.75,15,1,0.0058813260647179195,0.08496250731177483,215.74403600137617,17.35028055915299,352.0030999204291
208,Bear.230506.1030.3C15_CorrectionData.txt,2023-05-06 10:30:00,94.5,15,1,0.003613553739297071,0.06351182516705825,132.5555936612071,7.42638291705825e-18,263.132057277581
209,Bear.230506.1115.3D15_CorrectionData.txt,2023-05-06 11:15:00,95.25,15,1,0.004302153569361903,0.05795231640565967,157.81542535448253,3.274782711895415e-18,240.0987878983489
210,Bear.230506.1200.3A16_CorrectionData.txt,2023-05-06 12:00:00,96.0,15,1,0.004238167672079911,0.11755234276044604,155.46823773473807,0.0,487.0241046764776
211,Bear.230506.1245.3B16_CorrectionData.txt,2023-05-06 12:45:00,96.75,15,1,0.003314333359909585,0.06404396887071478,121.57932545356856,5.419608495827721e-19,265.3367501381962
212,Bear.230506.1330.3C16_CorrectionData.txt,2023-05-06 13:30:00,97.5,15,1,0.003562976150949276,0.0574443268099941,130.70026156070864,3.4850407465223854,237.99416648286459
213,Bear.230506.1415.3D16_CorrectionData.txt,2023-05-06 14:15:00,98.25,15,1,0.004615148853080656,0.0535861001391631,169.29699685992472,4.314992279780728e-18,222.00937752949088
214,Bear.230506.1500.3A17_CorrectionData.txt,2023-05-06 15:00:00,99.0,15,1,0.004020216269120468,0.054864325875655616,147.47315043483204,4.136488676193937e-18,227.30511839071994
215,Bear.230506.1545.3B17_CorrectionData.txt,2023-05-06 15:45:00,99.75,15,1,0.0033334303324746143,0.05700954420954984,122.27985759398214,0.5795758282201575,236.19284460583663
216,Bear.230506.1630.3C17_CorrectionData.txt,2023-05-06 16:30:00,100.5,15,1,0.003100705681200695,0.05872677267585002,113.7428448539384,1.3759493437563792,243.30739151052165
217,Bear.230506.1715.3D17_CorrectionData.txt,2023-05-06 17:15:00,101.25,15,1,0.0036512813489405138,0.057591313148567816,133.93955140876164,0.0766789612940475,238.60313682120497
218,Bear.230506.1800.3A18_CorrectionData.txt,2023-05-06 18:00:00,102.0,15,1,0.003402760435434625,0.055736985795800026,124.82308612176502,4.201356222516316,230.92058369166656
219,Bear.230506.1845.3B18_CorrectionData.txt,2023-05-06 18:45:00,102.75,15,1,0.0041426313692684335,0.06327737357076268,151.96369006531953,0.0,262.1607148432706
220,Bear.230506.1930.3C18_CorrectionData.txt,2023-05-06 19:30:00,103.5,15,1,0.0034848584546305476,0.05882770040447414,127.83467871400404,3.044216766359078e-16,243.7255391672669
221,Bear.230506.2015.3D18_CorrectionData.txt,2023-05-06 20:15:00,104.25,15,1,0.0033925386129581942,0.05255649058731978,124.44812013414798,1.6044176359214055e-17,217.74366356431105
222,Bear.230506.2100.3A19_CorrectionData.txt,2023-05-06 21:00:00,105.0,15,1,0.003719221493970702,0.0487152292071448,136.4317922629566,2.6050411295513655e-18,201.82916249545158
223,Bear.230506.2145.3B19_CorrectionData.txt,2023-05-06 21:45:00,105.75,15,1,0.0033204282715415248,0.05914603328560693,121.80290442539852,0.0,245.04440515310878
224,Bear.230506.2230.3C19_CorrectionData.txt,2023-05-06 22:30:00,106.5,15,1,0.004078287625568033,0.051262675756207944,149.60337560483765,0.0,212.3833364543403
225,Bear.230506.2315.3D19_CorrectionData.txt,2023-05-06 23:15:00,107.25,15,1,0.004285457144434537,0.04829270350415509,157.20295223855834,1.2407818746409046e-17,200.07862143970496
226,Bear.230507.0000.3A20_CorrectionData.txt,2023-05-07 00:00:00,108.0,15,1,0.003867257247368726,0.06033684945639672,141.8621714936184,5.820951517844231e-20,249.97800465265286
227,Bear.230507.0045.3B20_CorrectionData.txt,2023-05-07 00:45:00,108.75,15,1,0.004246850326213326,0.06519308960546115,155.7867425796207,5.055496306673961e-16,270.09760376189223
228,Bear.230507.0130.3C20_CorrectionData.txt,2023-05-07 01:30:00,109.5,15,1,0.003848078751508321,0.05044513327931851,141.15864884314317,0.0567843791986768,208.9962249473118
229,Bear.230507.0215.3D20_CorrectionData.txt,2023-05-07 02:15:00,110.25,15,1,0.0030381563786766983,0.0486492350236939,111.44835568141106,0.0,201.55574592752723
230,Bear.230507.0300.3A21_CorrectionData.txt,2023-05-07 03:00:00,111.0,15,1,0.00335072486288504,0.04936359694510241,122.91427094743949,1.0443144820233775e-17,204.51537622513803
231,Bear.230507.0345.3B21_CorrectionData.txt,2023-05-07 03:45:00,111.75,15,1,0.0031693059827897652,0.05616866830312316,116.25930215844384,1.230047186904882e-17,232.70906175766297
232,Bear.230507.0430.3C21_CorrectionData.txt,2023-05-07 04:30:00,112.5,15,1,0.00407572128805369,0.05164221735725793,149.50923492856953,1.3865366077998034,213.95579263937384
233,Bear.230507.0515.3D21_CorrectionData.txt,2023-05-07 05:15:00,113.25,15,1,0.004279255870297973,0.04903867852828545,156.97547158269074,2.409403437885192e-17,203.1692260989287
234,Bear.230507.0600.3A22_CorrectionData.txt,2023-05-07 06:00:00,114.0,15,1,0.0027591069018937614,0.04935084279133475,101.2120144714954,0.44562610324999835,204.46253525086448
235,Bear.230507.0645.3B22_CorrectionData.txt,2023-05-07 06:45:00,114.75,15,1,0.00317874323668978,0.05608250572213808,116.60548790341946,6.7372969314548765,232.3520867040361
236,Bear.230507.0730.3C22_CorrectionData.txt,2023-05-07 07:30:00,115.5,15,1,0.004075262039170601,0.046504849594593764,149.49238835239325,0.0,192.6714704706183
237,Bear.230507.0815.3D22_CorrectionData.txt,2023-05-07 08:15:00,116.25,15,1,0.0033126903155395225,0.045825758946535886,121.5190538379795,0.0,189.85797048331014
238,Bear.230507.0900.3A23_CorrectionData.txt,2023-05-07 09:00:00,117.0,15,1,0.0033046053098727914,0.04682885848429615,121.2224724659487,4.904570554014796e-18,194.0138523892509
239,Bear.230507.0945.3B23_CorrectionData.txt,2023-05-07 09:45:00,117.75,15,1,0.00355686073430935,0.04826699346846647,130.47593040593006,1.3507893479775987e-19,199.97210372326975
240,Bear.230507.1030.3C23_CorrectionData.txt,2023-05-07 10:30:00,118.5,15,1,0.0027760778017868353,0.047239279819878625,101.83455612234378,8.371816666275921e-19,195.71424456186386
241,Bear.230507.1115.3D23_CorrectionData.txt,2023-05-07 11:15:00,119.25,15,1,0.0027276915125411523,0.052112359807462275,100.059607205361,3.4521470919875367e-16,215.90361180234692
242,Bear.230507.1200.3A24_CorrectionData.txt,2023-05-07 12:00:00,120.0,15,1,0.004033021324274199,0.0405653808674925,147.9428768621184,0.0,168.06401160469636
243,Bear.230507.1500.4A1a_CorrectionData.txt,2023-05-07 15:00:00,123.0,15,1,0.0024468984639667143,0.057517619847051,89.7593067435322,5.252191552843569,238.29782249612154
244,Bear.230507.1800.4B1_CorrectionData.txt,2023-05-07 18:00:00,126.0,15,1,0.0025146688008850977,0.05274402218672985,92.24531854547203,8.708636702240885e-18,218.52061455615438
245,Bear.230507.2100.4C1_CorrectionData.txt,2023-05-07 21:00:00,129.0,15,1,0.0030743210709873567,0.04439930214479935,112.77498110465625,2.4094251919783707e-17,183.94810233086386
246,Bear.230508.0000.4D1_CorrectionData.txt,2023-05-08 00:00:00,132.0,15,1,0.00303374889176092,0.039642705088639166,111.28667632451608,1.2416412648938593e-17,164.24132858068845
247,Bear.230508.0300.4A2_CorrectionData.txt,2023-05-08 03:00:00,135.0,15,1,0.003187286456986013,0.06593395399015713,116.91887791221615,1.3447639139574984e-17,273.167034835491
248,Bear.230508.0600.4B2a_CorrectionData.txt,2023-05-08 06:00:00,138.0,15,1,0.0014911387083735494,0.0446000013206704,54.699276938970094,5.404322327598494e-18,184.77960712389975
249,Bear.230508.0900.4C2_CorrectionData.txt,2023-05-08 09:00:00,141.0,15,1,0.004503210676369859,0.03950689653099468,165.19078105748886,4.836742375834439e-18,163.67866824027314
250,Bear.230508.1200.4D2_CorrectionData.txt,2023-05-08 12:00:00,144.0,15,1,0.0020407733264488984,0.03665530864435578,74.86146307264063,6.387244130976926e-19,151.86442443377797
251,Bear.230508.1500.4A3_CorrectionData.txt,2023-05-08 15:00:00,147.0,15,1,0.0028822966395307217,0.03525591196252342,105.73097004363866,3.312314311597559e-17,146.06666745120967
252,Bear.230508.1800.4B3_CorrectionData.txt,2023-05-08 18:00:00,150.0,15,1,0.003232202426531696,0.03633590358707356,118.56652547401909,2.6107392351473418e-17,150.54111637883756
253,Bear.230508.2100.4C3_CorrectionData.txt,2023-05-08 21:00:00,153.0,15,1,0.0027098512408866866,0.0319039520056165,99.40517448598074,1.769532291576477e-18,132.17936194466813
254,Bear.230509.0000.4D3_CorrectionData.txt,2023-05-09 00:00:00,156.0,15,1,0.0031305338390924067,0.03327805470955158,114.83702788328092,1.4100924403727395e-18,137.87232495503775
255,Bear.230509.0300.4A4_CorrectionData.txt,2023-05-09 03:00:00,159.0,15,1,0.0038239297792344775,0.031093544760494706,140.27279475406297,2.5946998558400058e-18,128.8218119910863
256,Bear.230509.0600.4B4_CorrectionData.txt,2023-05-09 06:00:00,162.0,15,1,0.004249853664886218,0.06353458136629159,155.89691372123713,8.256096891781409,263.22633713025937
257,Bear.230509.0900.4C4_CorrectionData.txt,2023-05-09 09:00:00,165.0,15,1,0.00269695399362365,0.032274484781145994,98.93206618570686,9.911938409306451e-18,133.71449420165163
258,Bear.230509.1200.4D4_CorrectionData.txt,2023-05-09 12:00:00,168.0,15,1,0.0025837270618589096,0.032295141873687316,94.77857512362796,0.0,133.80007737050994
259,Bear.230509.1500.4A5_CorrectionData.txt,2023-05-09 15:00:00,171.0,15,1,0.004617955525061969,0.025865266996900085,169.3999536989636,4.177000582188141e-17,107.1608460160944
260,Bear.230509.1800.4B5_CorrectionData.txt,2023-05-09 18:00:00,174.0,15,1,0.0034799092422728487,0.032420395065118374,127.65312730241281,8.666647726759985e-20,134.31900640231066
261,Bear.230509.2100.4C5_CorrectionData.txt,2023-05-09 21:00:00,177.0,15,1,0.0026236954186565293,0.031400845476107636,96.24472995214367,6.775188307511061e-18,130.09497126952635
262,Bear.230510.0000.4D5_CorrectionData.txt,2023-05-10 00:00:00,180.0,15,1,0.002766434444684889,0.025675905366994052,101.48080991632106,3.6056997771907214e-17,106.37631313398076
263,Bear.230510.0300.4A6_CorrectionData.txt,2023-05-10 03:00:00,183.0,15,1,0.002353616285113522,0.031088253611208285,86.33744685490602,14.378415671973446,128.7998905458525
264,Bear.230510.0600.4B6_CorrectionData.txt,2023-05-10 06:00:00,186.0,15,1,0.0032267543662117346,0.032265460315462825,118.36667487759347,2.2547429402815687e-17,133.67710547577585
265,Bear.230510.0900.4C6_CorrectionData.txt,2023-05-10 09:00:00,189.0,15,1,0.0032903124121854326,0.02496874989428355,120.69816767493836,0.0,103.44653944443597
266,Bear.230510.1200.4D6_CorrectionData.txt,2023-05-10 12:00:00,192.0,15,1,0.003575094734412303,0.022879850421772,131.14480622260342,1.112188307784801e-18,94.7921445470727
267,Bear.230510.1500.4A7_CorrectionData.txt,2023-05-10 15:00:00,195.0,15,1,0.0023952912256317536,0.024933744736106777,87.86620410600595,9.966542398345389e-19,103.30151166004853
268,Bear.230510.1800.4B7_CorrectionData.txt,2023-05-10 18:00:00,198.0,15,1,0.0028631754096106253,0.023332489812650174,105.02954807334194,5.018332355087462e-17,96.66744782820751
269,Bear.230510.2100.4C7_CorrectionData.txt,2023-05-10 21:00:00,201.0,15,1,0.0033698735103163944,0.025630327304538802,123.61669867128069,1.326650083578025e-17,106.18748138006673
270,Bear.230511.0000.4D7_CorrectionData.txt,2023-05-11 00:00:00,204.0,15,1,0.002619228114790273,0.02874707719197939,96.08085633664521,0.0,119.10030206731227
271,Bear.230511.0300.4A8_CorrectionData.txt,2023-05-11 03:00:00,207.0,15,1,0.0020915682876992843,0.02354193564281531,76.72476903937373,0.0,97.5351903633118
272,Bear.230511.0600.4B8_CorrectionData.txt,2023-05-11 06:00:00,210.0,15,1,0.00408296441298787,0.024477148152863386,149.7749336824503,3.3050805615579054e-18,101.40981357109071
273,Bear.230511.0900.4C8a_CorrectionData.txt,2023-05-11 09:00:00,213.0,15,1,0.0035376273275816066,0.026071418634140302,129.77039346615857,4.128405556146973e-18,108.01494057683921
274,Bear.230511.1200.4D8_CorrectionData.txt,2023-05-11 12:00:00,216.0,15,1,0.0017618826492257701,0.024358270043427655,64.63094708948019,0.01855776996067417,100.91729676152313
275,Bear.230511.1500.4A9_CorrectionData.txt,2023-05-11 15:00:00,219.0,15,1,0.002267596490443896,0.027360602102352187,83.1819922050838,0.2885594815390412,113.35607976322787
276,Bear.230511.1800.4B9_CorrectionData.txt,2023-05-11 18:00:00,222.0,15,1,0.0025770471763744618,0.032621517864262074,94.53353762042146,0.0,135.1522662836777
277,Bear.230511.2100.4C9_CorrectionData.txt,2023-05-11 21:00:00,225.0,15,1,0.003711990300636746,0.030193552391490703,136.16653119465215,0.476397871200044,125.09310725039846
278,Bear.230512.0000.4D9a_CorrectionData.txt,2023-05-12 00:00:00,228.0,15,1,0.003233916482721421,0.030443711229094204,118.62940200836444,0.0,126.12952541995406
279,Bear.230512.0300.4A10_CorrectionData.txt,2023-05-12 03:00:00,231.0,15,1,0.002380291285009629,0.029728912325454025,87.31596293692475,9.751110079576612e-18,123.1680846873052
280,Bear.230512.0600.4B10_CorrectionData.txt,2023-05-12 06:00:00,234.0,15,1,0.0027531015000821645,0.04024786113426012,100.99171897854248,4.024160038645458,166.74851452345362
281,Bear.230512.0900.4C10_CorrectionData.txt,2023-05-12 09:00:00,237.0,15,1,0.0028725081053188974,0.02539727377202755,105.37189832169057,7.751566131329769e-17,105.22193118049067
282,Bear.230512.1200.4D10_CorrectionData.txt,2023-05-12 12:00:00,240.0,15,1,0.001241009327751628,0.04439505370696651,45.52380842998411,6.298904149075519e-19,183.9305008813034
283,Bear.230512.1500.4A11_CorrectionData.txt,2023-05-12 15:00:00,243.0,15,1,0.0027657403024894988,0.024302038676542223,101.45534677465125,0.0,100.6843279370062
284,Bear.230512.1800.4B11_CorrectionData.txt,2023-05-12 18:00:00,246.0,15,1,0.0012944832700168924,0.025043840190102657,47.48538716210394,0.0,103.75764157334649
285,Bear.230512.2100.4C11_CorrectionData.txt,2023-05-12 21:00:00,249.0,15,1,0.0034325411646706104,0.022433036973343284,125.91552933095544,5.205437651265221e-18,92.94097838084954
286,Bear.230513.0000.4D11_CorrectionData.txt,2023-05-13 00:00:00,252.0,15,1,0.0018369097270271647,0.023002864688691792,67.38315711765152,8.237416266346057e-19,95.3017976241801
287,Bear.230513.0300.4A12_CorrectionData.txt,2023-05-13 03:00:00,255.0,15,1,0.0016456917195364238,0.030110500157471097,60.368728018119455,5.931312106649126e-18,124.7490184898945
288,Bear.230513.0600.4B12_CorrectionData.txt,2023-05-13 06:00:00,258.0,15,1,0.0016162761227030383,0.03154431648327733,59.2896789206217,5.246198398217808e-17,130.68937744785532
289,Bear.230513.0900.4C12_CorrectionData.txt,2023-05-13 09:00:00,261.0,15,1,0.0018869222974627813,0.027083379646211804,69.21776272833374,1.91208097551086e-16,112.20753592881768
290,Bear.230513.1200.4D12_CorrectionData.txt,2023-05-13 12:00:00,264.0,15,1,0.0011369326974240328,0.023252176003451495,41.705976867303086,1.655647874523813e-16,96.33470447235749
291,Bear.230513.1500.4A13_CorrectionData.txt,2023-05-13 15:00:00,267.0,15,1,0.0028405045326894965,0.022386897351967645,104.19791479322225,0.009251306817487707,92.74982006564375
292,Bear.230513.1800.4B13_CorrectionData.txt,2023-05-13 18:00:00,270.0,15,1,0.0017806828100997468,0.036195074837895864,65.32059131933491,5.525089096167648,149.95765718210555
293,Bear.230513.2100.4C13_CorrectionData.txt,2023-05-13 21:00:00,273.0,15,1,0.0011960364807697306,0.022363750546537296,43.874074439455526,4.8916082334770906e-17,92.65392191571227
294,Bear.230514.0000.4D13_CorrectionData.txt,2023-05-14 00:00:00,276.0,15,1,0.0014377830809818059,0.03435375149881071,52.74203833831916,13.562338398112304,142.32898020656174
295,Bear.230514.0300.4A14_CorrectionData.txt,2023-05-14 03:00:00,279.0,15,1,0.0012528641971224215,0.031938178872111894,45.95867929689068,0.0,132.32116523517993
296,Bear.230514.0600.4B14_CorrectionData.txt,2023-05-14 06:00:00,282.0,15,1,0.0008719745652983974,0.027120463717745173,31.986546900804175,1.3640983357102963e-16,112.36117673522085
297,Bear.230514.0900.4C14_CorrectionData.txt,2023-05-14 09:00:00,285.0,15,1,0.0024652246056920285,0.024130389329747,90.43156258118607,0.0,99.97317775932234
298,Bear.230514.1200.4D14_CorrectionData.txt,2023-05-14 12:00:00,288.0,15,1,0.0020765717056353793,0.029535748572370613,76.17465107191363,0.0,122.36779945527789
299,Bear.230514.1500.4A15_CorrectionData.txt,2023-05-14 15:00:00,291.0,15,1,0.0005204263514932905,0.03229272068949077,19.09074250893764,3.176923857485761e-18,133.790046306578
300,Bear.230514.1800.4B15_CorrectionData.txt,2023-05-14 18:00:00,294.0,15,1,0.0015285494325378967,0.033440528216721464,56.071610411410816,1.3607541550036248e-18,138.54545925848853
301,Bear.230514.2100.4C15_CorrectionData.txt,2023-05-14 21:00:00,297.0,15,1,0.00030126300712318634,0.030642457757213387,11.051197695801429,0.0,126.95294031447519
302,Bear.230515.0000.4D15_CorrectionData.txt,2023-05-15 00:00:00,300.0,15,1,0.00012248663784349609,0.0302730953007848,4.493163839890278,7.587706491396609,125.4226567368027
303,Bear.230515.0600.4B16_CorrectionData.txt,2023-05-15 06:00:00,306.0,15,1,0.0005283232046214216,0.03439932361714375,19.380421902126464,4.343800319111836e-16,142.51778733373732
304,Bear.230515.0900.4C16_CorrectionData.txt,2023-05-15 09:00:00,309.0,15,1,0.0003896751003567197,0.021052809488885157,14.294408770249365,0.8272986036602533,87.22264015735759
305,Bear.230515.1200.4D16_CorrectionData.txt,2023-05-15 12:00:00,312.0,15,1,0.0006805740267318551,0.01995239939377197,24.96542203393057,1.4841375750236648e-18,82.66359668136668
306,Bear.230515.1800.4B17_CorrectionData.txt,2023-05-15 18:00:00,318.0,15,1,0.0012789563835719398,0.016876320232845878,46.91581609746517,0.0,69.91927645699693
307,Bear.230515.2100.4C17_CorrectionData.txt,2023-05-15 21:00:00,321.0,15,1,0.0008526998826679014,0.01592953365945124,31.279495841639974,1.5588278160409082e-17,65.99670143722975
308,Bear.230516.0000.4D17_CorrectionData.txt,2023-05-16 00:00:00,324.0,15,1,2.0891685368409887e-05,0.012904692065861952,0.7663673924305409,0.0,53.46466052411845
309,Bear.230516.0600.4B18_CorrectionData.txt,2023-05-16 06:00:00,330.0,15,1,0.00029414235257037763,0.0385425334201887,10.789991509426144,2.8990018012216504e-18,159.68327291599263
310,Bear.230516.0900.4C18_CorrectionData.txt,2023-05-16 09:00:00,333.0,15,1,0.0007548166756800359,0.013679014546564207,27.688856944911322,2.268312583972492e-17,56.672709841037516
311,Bear.230516.1200.4D18_CorrectionData.txt,2023-05-16 12:00:00,336.0,15,1,3.871553835457925e-23,0.019622031422920825,1.420197827610773e-18,11.828207573054026,81.29486883265467
312,Bear.230516.1800.4B19_CorrectionData.txt,2023-05-16 18:00:00,342.0,15,1,0.0012716015064857835,0.017926486118754945,46.64601795170678,3.2975249256321073e-18,74.27015614460055
313,Bear.230516.2100.4C19_CorrectionData.txt,2023-05-16 21:00:00,345.0,15,1,0.0003682155201411111,0.023311507763783264,13.507209353712213,0.0,96.58051835216543
314,Bear.230517.0000.4D19_CorrectionData.txt,2023-05-17 00:00:00,348.0,15,1,0.0007865464012916963,0.01106240960721421,28.852794973401533,0.0,45.83200987748244
315,Bear.230517.0600.4B20_CorrectionData.txt,2023-05-17 06:00:00,354.0,15,1,0.0009762880160430491,0.10989775545252083,35.81306572075015,6.0930302778563945,455.31084024662914
316,Bear.230517.0900.4C20_CorrectionData.txt,2023-05-17 09:00:00,357.0,15,1,0.0012520598162436255,0.01080385810152855,45.929172281744066,2.6930751533762418e-17,44.760820545033994
317,Bear.230517.1200.4D20_CorrectionData.txt,2023-05-17 12:00:00,360.0,15,1,0.0011281017732913433,0.00782349109675332,41.382033050374154,1.82896027058718e-17,32.41303964996556
318,Bear.230517.1800.4B21a_CorrectionData.txt,2023-05-17 18:00:00,366.0,15,1,0.0002563086030726032,0.018271101951239516,9.402140245290125,15.6899675465859,75.6979134596135
319,Bear.230517.2100.4C21_CorrectionData.txt,2023-05-17 21:00:00,369.0,15,1,0.00017961801735496668,0.011533622062208237,6.588907939519987,0.0,47.784262113522864
320,Bear.230518.0000.4D21_CorrectionData.txt,2023-05-18 00:00:00,372.0,15,1,0.00012815007233217185,0.011624030136274435,4.700914983215963,0.0,48.15882641648485
321,Bear.230518.0600.4B22_CorrectionData.txt,2023-05-18 06:00:00,378.0,15,1,0.0013491022156977394,0.008554063382418601,49.488967928356026,7.332719904996949e-19,35.43983014152268
322,Bear.230518.0900.4C22_CorrectionData.txt,2023-05-18 09:00:00,381.0,15,1,0.0013778353872304643,0.007593024602451487,50.5429836937423,8.65753705933767e-18,31.45820765419657
323,Bear.230518.1200.4D22_CorrectionData.txt,2023-05-18 12:00:00,384.0,15,1,0.00013841682919196816,0.010319358823529232,5.077529293866925,1.8483863957014695e-17,42.75352046455091
324,Bear.230518.1800.4B23_CorrectionData.txt,2023-05-18 18:00:00,390.0,15,1,0.0014882806793186766,0.010647282880848992,54.594436174060554,9.092249303286585e-19,44.11212308077859
325,Bear.230518.2100.4C23_CorrectionData.txt,2023-05-18 21:00:00,393.0,15,1,0.00013032635030444485,0.01116074749395258,4.780747148280865,0.0,46.239427714676296
326,Bear.230519.0000.4D23_CorrectionData.txt,2023-05-19 00:00:00,396.0,15,1,0.0008008204861173295,0.004567547168175031,29.376409654278063,0.0,18.92353242743305
327,Bear.230519.0600.4B24_CorrectionData.txt,2023-05-19 06:00:00,402.0,15,1,0.0013526954514113533,0.010915199825796555,49.62077819811982,1.8050754739990549,45.22211380641343
328,Bear.230519.0900.4C24_CorrectionData.txt,2023-05-19 09:00:00,405.0,15,1,1.0885891807376636e-22,0.008688294073776795,3.993259697140075e-18,0.0,35.99595331817472
