,sample,date,time,n_iter,df,cnc_uranine,area1,area2,area3
0,MLAC.HZ.220914.1000_CorrectionData.txt,2022-09-14 10:00:00,0.0,15,1,7.695410303590168e-22,2.954020194326977e-17,2.225429376318466e-17,26.448682235326157
1,MLAC.HZ.220914.1030_CorrectionData.txt,2022-09-14 10:30:00,0.5,15,1,0.009906226703079776,380.2681413468823,78.31981665963062,4.555522968855537e-18
2,MLAC.HZ.220914.1100_CorrectionData.txt,2022-09-14 11:00:00,1.0,15,1,2.4927647466738205e-23,9.56892109826221e-19,12.073791277716726,2.2174730585773827e-17
3,MLAC.HZ.220914.1130_CorrectionData.txt,2022-09-14 11:30:00,1.5,15,1,0.008148225513773217,312.78413711594965,136.62192845971282,152.12075891763152
4,MLAC.HZ.220914.1200_CorrectionData.txt,2022-09-14 12:00:00,2.0,15,1,0.009895095661788525,379.84085651786023,168.48305821178417,270.56093838925085
5,MLAC.HZ.220914.1230_CorrectionData.txt,2022-09-14 12:30:00,2.5,15,1,1.3248064370826539e-22,5.085505274346125e-18,24.592897444299076,2.7140939876276114e-18
6,MLAC.HZ.220914.1300_CorrectionData.txt,2022-09-14 13:00:00,3.0,15,1,0.008197796866678514,314.6870217155407,1.4517858875647993e-18,6.970177533621136
7,MLAC.HZ.220914.1330_CorrectionData.txt,2022-09-14 13:30:00,3.5,15,1,0.008736043683224701,335.34858364509574,139.75301742487167,150.9125857651312
8,MLAC.HZ.220914.1400_CorrectionData.txt,2022-09-14 14:00:00,4.0,15,1,0.0014791159293308502,56.77849721613416,0.32461284170703003,94.06203428173909
9,MLAC.HZ.220914.1430_CorrectionData.txt,2022-09-14 14:30:00,4.5,15,1,0.008580722214331425,329.38629264796447,170.88200857861688,263.76221132757865
10,MLAC.HZ.220914.1500_CorrectionData.txt,2022-09-14 15:00:00,5.0,15,1,1.9305732576288177e-22,7.410849018670942e-18,5.429469821103828,1.8281945188792203e-17
11,MLAC.HZ.220914.1530_CorrectionData.txt,2022-09-14 15:30:00,5.5,15,1,0.0032196804689469363,123.59316461803472,73.97812120469742,53.1535394303212
12,MLAC.HZ.220914.1600_CorrectionData.txt,2022-09-14 16:00:00,6.0,15,1,0.037797634314852016,1450.9294587160396,7.541043164198149,85.16981873957758
13,MLAC.HZ.220914.1630_CorrectionData.txt,2022-09-14 16:30:00,6.5,15,1,0.12046352316614695,4624.206716392457,1.5079065816745143e-18,8.429079202224385
14,MLAC.HZ.220914.1700_CorrectionData.txt,2022-09-14 17:00:00,7.0,15,1,0.3270535247595487,12554.53157987945,91.52865088991682,84.26415654552416
15,MLAC.HZ.220914.1730.10x_CorrectionData.txt,2022-09-14 17:30:00,7.5,15,10,0.5951756555970635,2284.687672839592,9.846193572705182,9.111004923822303
16,MLAC.HZ.220914.1800.10x_CorrectionData.txt,2022-09-14 18:00:00,8.0,15,10,1.1100405048875677,4261.0880233754215,120.83430892928772,57.40405691762517
17,MLAC.HZ.220914.1830.10x_CorrectionData.txt,2022-09-14 18:30:00,8.5,15,10,1.5954239772283256,6124.318861915919,114.6820300414901,47.915934746191404
18,MLAC.HZ.220914.1900.10x_CorrectionData.txt,2022-09-14 19:00:00,9.0,15,10,2.4858698514458646,9542.45381589827,49.85529879819202,4.6806183107393124
19,MLAC.HZ.220914.1930.10x_CorrectionData.txt,2022-09-14 19:30:00,9.5,15,10,3.521973949964236,13519.723785532391,80.9602513152999,18.733447300693683
20,MLAC.HZ.220914.2000.20x_CorrectionData.txt,2022-09-14 20:00:00,10.0,15,20,4.057523803245003,7787.763602517894,21.332328979077467,17.52061413996185
21,MLAC.HZ.220914.2030.20x_CorrectionData.txt,2022-09-14 20:30:00,10.5,15,20,4.4654058142960045,8570.627446038516,16.942428602334125,20.81150767150727
22,MLAC.HZ.220914.2100.20x_CorrectionData.txt,2022-09-14 21:00:00,11.0,15,20,5.0822556259990925,9754.571335156166,24.330238827899485,9.901758224950585
23,MLAC.HZ.220914.2130.20x_CorrectionData.txt,2022-09-14 21:30:00,11.5,15,20,5.485237624846873,10528.030394247025,4.134180461418779,2.8390460273132945
24,MLAC.HZ.220914.2200.20x_CorrectionData.txt,2022-09-14 22:00:00,12.0,15,20,6.001869761502713,11519.622593046126,23.662595846103763,13.176039513274574
25,MLAC.HZ.220914.2230.20x_CorrectionData.txt,2022-09-14 22:30:00,12.5,15,20,6.045055594465746,11602.51084568557,37.82090273734616,27.175126096420275
26,MLAC.HZ.220914.2300.20x_CorrectionData.txt,2022-09-14 23:00:00,13.0,15,20,6.411253752682874,12305.369245577558,22.542074698729763,4.237859990768355
27,MLAC.HZ.220914.2330.20x_CorrectionData.txt,2022-09-14 23:30:00,13.5,15,20,6.491114890636522,12458.649840731106,8.662503436816538,3.701324586057986e-18
28,MLAC.HZ.220915.0000.20x_CorrectionData.txt,2022-09-15 00:00:00,14.0,15,20,6.611685387152262,12690.065494670547,12.223744608145623,2.489352599162179e-18
29,MLAC.HZ.220915.0030.20x_CorrectionData.txt,2022-09-15 00:30:00,14.5,15,20,6.443810488783442,12367.85665827444,13.099662803080985,10.899018006272776
30,MLAC.HZ.220915.0100.20x_CorrectionData.txt,2022-09-15 01:00:00,15.0,15,20,6.399162556626402,12282.162141657627,10.278899092335692,32.099813475516754
31,MLAC.HZ.220915.0130.20x_CorrectionData.txt,2022-09-15 01:30:00,15.5,15,20,6.551700953707881,12574.935033298463,1.1691239365247826e-17,9.483220224837133
32,MLAC.HZ.220915.0200.20x_CorrectionData.txt,2022-09-15 02:00:00,16.0,15,20,6.323768786026487,12137.455938809224,17.015164983235383,11.818707006342244
33,MLAC.HZ.220915.0230.20x_CorrectionData.txt,2022-09-15 02:30:00,16.5,15,20,6.260384585205125,12015.800171383655,28.103978631936307,31.420864057750624
34,MLAC.HZ.220915.0300.20x_CorrectionData.txt,2022-09-15 03:00:00,17.0,15,20,6.0856721641173,11680.467811098448,2.700155083043341,9.291293341894425
35,MLAC.HZ.220915.0330.20x_CorrectionData.txt,2022-09-15 03:30:00,17.5,15,20,5.932305610854801,11386.1054070169,8.079256201975253,7.487058661241828
36,MLAC.HZ.220915.0400.20x_CorrectionData.txt,2022-09-15 04:00:00,18.0,15,20,5.739125086911891,11015.326497014017,1.2173044378127664e-17,1.1140714079885154e-18
37,MLAC.HZ.220915.0430.20x_CorrectionData.txt,2022-09-15 04:30:00,18.5,15,20,5.8052514626963365,11142.245427739372,41.296791155702145,39.20532310061307
38,MLAC.HZ.220915.0500.20x_CorrectionData.txt,2022-09-15 05:00:00,19.0,15,20,5.671134833563323,10884.830153423749,4.16384276358126,1.0164811286724205e-17
39,MLAC.HZ.220915.0530.20x_CorrectionData.txt,2022-09-15 05:30:00,19.5,15,20,5.256955694172709,10089.879986011598,6.695673795168506e-18,0.8137727416404368
40,MLAC.HZ.220915.0600.20x_CorrectionData.txt,2022-09-15 06:00:00,20.0,15,20,5.3548522247162715,10277.776613203338,9.449857529824322e-18,6.3661878159290755
41,MLAC.HZ.220915.0630.20x_CorrectionData.txt,2022-09-15 06:30:00,20.5,15,20,5.196193088585002,9973.255948510783,21.215764435569895,9.856556329688432
42,MLAC.HZ.220915.0700.20x_CorrectionData.txt,2022-09-15 07:00:00,21.0,15,20,5.2451236147190485,10067.170214688107,13.363803039769127,3.7382259892110503
43,MLAC.HZ.220915.0730.20x_CorrectionData.txt,2022-09-15 07:30:00,21.5,15,20,5.315803026137569,10202.827964188511,0.000856014288800082,0.19423936330148608
44,MLAC.HZ.220915.0800.20x_CorrectionData.txt,2022-09-15 08:00:00,22.0,15,20,4.970520976792461,9540.114667388598,52.278434861543715,9.775828844432763
45,MLAC.HZ.220915.0830.20x_CorrectionData.txt,2022-09-15 08:30:00,22.5,15,20,4.783253526320669,9180.684949797245,4.6747188311183534e-18,2.8541858190072698
46,MLAC.HZ.220915.0900.20x_CorrectionData.txt,2022-09-15 09:00:00,23.0,15,20,4.681637221215479,8985.648814288279,0.0,0.0
47,MLAC.HZ.220915.0930.20x_CorrectionData.txt,2022-09-15 09:30:00,23.5,15,20,4.494627491294948,8626.713749797203,8.388970324041283,16.889354573493428
48,MLAC.HZ.220915.1000.20x_CorrectionData.txt,2022-09-15 10:00:00,24.0,15,20,4.684615384200988,8991.364918598589,6.764338246702492,0.2480763391399792
49,MLAC.HZ.220915.1030.20x_CorrectionData.txt,2022-09-15 10:30:00,24.5,15,20,4.832083586712437,9274.406388159143,2.173603348523949e-16,9.104554523504907
50,MLAC.HZ.220915.1100.20x_CorrectionData.txt,2022-09-15 11:00:00,25.0,15,20,4.088809680220047,7847.811805755604,15.84838681477234,19.9574175662063
51,MLAC.HZ.220915.1130.20x_CorrectionData.txt,2022-09-15 11:30:00,25.5,15,20,4.47584087206546,8590.655859185998,14.778148912375501,12.577268078747752
52,MLAC.HZ.220915.1200.20x_CorrectionData.txt,2022-09-15 12:00:00,26.0,15,20,4.695787273751931,9012.80756170683,8.461041205902512e-19,5.709176835150834
53,MLAC.HZ.220915.1230.20x_CorrectionData.txt,2022-09-15 12:30:00,26.5,15,20,4.368412429542891,8384.464261768047,38.40000273838163,53.37290831591557
54,MLAC.HZ.220915.1300.20x_CorrectionData.txt,2022-09-15 13:00:00,27.0,15,20,3.403164686602167,6531.826642273491,8.261295098332948e-18,4.138209554033253e-18
55,MLAC.HZ.220915.1330.20x_CorrectionData.txt,2022-09-15 13:30:00,27.5,15,20,3.8337063565875913,7358.182052486546,7.897338549401014e-17,13.079938847219124
56,MLAC.HZ.220915.1400.20x_CorrectionData.txt,2022-09-15 14:00:00,28.0,15,20,3.911644154614206,7507.771106344133,5.934329069473053,9.762500504309477
57,MLAC.HZ.220915.1430.20x_CorrectionData.txt,2022-09-15 14:30:00,28.5,15,20,3.5830779698959505,6877.141220126188,8.053599948934018,8.665536318712784
58,MLAC.HZ.220915.1500.20x_CorrectionData.txt,2022-09-15 15:00:00,29.0,15,20,3.8755729749488315,7438.538285116264,0.002758832357386128,1.432975247723395e-16
59,MLAC.HZ.220915.1530.20x_CorrectionData.txt,2022-09-15 15:30:00,29.5,15,20,3.8463836295998863,7382.514036753743,4.2016873268111414e-16,1.3181285429010278e-16
60,MLAC.HZ.220915.1600.20x_CorrectionData.txt,2022-09-15 16:00:00,30.0,15,20,3.6283705752090305,6964.073083061489,5.591409174526369,5.56096982283368e-17
61,MLAC.HZ.220915.1630.20x_CorrectionData.txt,2022-09-15 16:30:00,30.5,15,20,3.2661735397481673,6268.894194043971,111.88961973971035,50.77677491248369
62,MLAC.HZ.220915.1700.20x_CorrectionData.txt,2022-09-15 17:00:00,31.0,15,20,3.29520435708893,6324.614173420784,9.851880904644275,10.35874346096189
63,MLAC.HZ.220915.1730.20x_CorrectionData.txt,2022-09-15 17:30:00,31.5,15,20,3.4968884769749358,6711.714366597211,3.536482656818291,10.193230008633426
64,MLAC.HZ.220915.1800.20x_CorrectionData.txt,2022-09-15 18:00:00,32.0,15,20,4.133642140750119,7933.860494871904,7.186367970424776,5.198065194782549e-18
65,MLAC.HZ.220915.1830.20x_CorrectionData.txt,2022-09-15 18:30:00,32.5,15,20,3.0329213250726417,5821.204125977336,1.1044134671226787e-18,10.221095902877591
66,MLAC.HZ.220915.1900.20x_CorrectionData.txt,2022-09-15 19:00:00,33.0,15,20,3.487043215047044,6692.817971599362,3.2623017438725582e-18,0.023783919538294705
67,MLAC.HZ.220915.1930.20x_CorrectionData.txt,2022-09-15 19:30:00,33.5,15,20,3.2853162834689345,6305.635608273431,25.102453633260367,3.77744703236156
68,MLAC.HZ.220915.2000.20x_CorrectionData.txt,2022-09-15 20:00:00,34.0,15,20,3.485187645840433,6689.256505288889,142.75233564604764,55.17137506858111
69,MLAC.HZ.220915.2030.20x_CorrectionData.txt,2022-09-15 20:30:00,34.5,15,20,3.3886276335833783,6503.925109743465,3.8651746560641236,5.992684299780042
70,MLAC.HZ.220915.2100.20x_CorrectionData.txt,2022-09-15 21:00:00,35.0,15,20,3.1910951031584576,6124.7932240534365,3.742293225948734e-16,5.695358194389632
71,MLAC.HZ.220915.2130.20x_CorrectionData.txt,2022-09-15 21:30:00,35.5,15,20,3.2175193598267464,6175.510329924833,15.97046899823384,4.96544344709222
72,MLAC.HZ.220915.2200.20x_CorrectionData.txt,2022-09-15 22:00:00,36.0,15,20,3.2387747576738364,6216.306643572635,0.0,3.4773084641465064
73,MLAC.HZ.220915.2230.20x_CorrectionData.txt,2022-09-15 22:30:00,36.5,15,20,3.1352107758946124,6017.532256300515,2.3804598522331033,6.535153248734918
74,MLAC.HZ.220915.2300.20x_CorrectionData.txt,2022-09-15 23:00:00,37.0,15,20,3.0614681231614025,5875.995108336154,5.520951041537423,7.4862038692614945
75,MLAC.HZ.220915.2330.20x_CorrectionData.txt,2022-09-15 23:30:00,37.5,15,20,3.1399561856079887,6026.640306144933,3.660671269151951,10.340102271630949
76,MLAC.HZ.220916.0000.20x_CorrectionData.txt,2022-09-16 00:00:00,38.0,15,20,3.153850469446823,6053.30814673199,6.241338952805977,2.0039012473778306
77,MLAC.HZ.220916.0030.10x_CorrectionData.txt,2022-09-16 00:30:00,38.5,15,10,2.973081655359441,11412.703030555127,30.108289960449873,12.757979784880337
78,MLAC.HZ.220916.0100.10x_CorrectionData.txt,2022-09-16 01:00:00,39.0,15,10,2.9169548998264445,11197.250490995055,9.59789218827112e-18,3.923245257107232e-19
79,MLAC.HZ.220916.0130.10x_CorrectionData.txt,2022-09-16 01:30:00,39.5,15,10,3.051766672106683,11714.749470306193,0.0,6.72686710665613e-17
80,MLAC.HZ.220916.0200.10x_CorrectionData.txt,2022-09-16 02:00:00,40.0,15,10,2.7570688622588424,10583.499482104377,8.354415057515155e-20,6.86130297493565e-17
81,MLAC.HZ.220916.0230.10x_CorrectionData.txt,2022-09-16 02:30:00,40.5,15,10,2.8053937086362444,10769.003004924982,94.47930798731238,7.1685393803400395
82,MLAC.HZ.220916.0300.10x_CorrectionData.txt,2022-09-16 03:00:00,41.0,15,10,2.360957179858365,9062.954296262964,36.26662095242504,21.613758044825904
83,MLAC.HZ.220916.0330.10x_CorrectionData.txt,2022-09-16 03:30:00,41.5,15,10,2.837743839835329,10893.18474063651,113.32267743966563,18.793940631325924
84,MLAC.HZ.220916.0400.10x_CorrectionData.txt,2022-09-16 04:00:00,42.0,15,10,2.5543405713535083,9805.290859470751,10.69036563981233,6.272744517983817e-19
85,MLAC.HZ.220916.0430.10x_CorrectionData.txt,2022-09-16 04:30:00,42.5,15,10,2.6257731103986277,10079.497372894588,79.1325810934324,48.25018408480617
86,MLAC.HZ.220916.0500.10x_CorrectionData.txt,2022-09-16 05:00:00,43.0,15,10,2.576747761896936,9891.304848006928,106.46602728468883,55.40513526813033
87,MLAC.HZ.220916.0530.10x_CorrectionData.txt,2022-09-16 05:30:00,43.5,15,10,2.4637166709376044,9457.414890086295,25.326199340416775,11.454763099327812
88,MLAC.HZ.220916.0600.10x_CorrectionData.txt,2022-09-16 06:00:00,44.0,15,10,2.399102120176279,9209.380438034697,19.913236828873313,3.959335720527827
89,MLAC.HZ.220916.0630.10x_CorrectionData.txt,2022-09-16 06:30:00,44.5,15,10,2.619763088474053,10056.426834179767,1.0657766247811643e-17,2.266308818238631e-17
90,MLAC.HZ.220916.0700.10x_CorrectionData.txt,2022-09-16 07:00:00,45.0,15,10,2.405258546798759,9233.012977236946,100.99892843113231,6.475270426797189
91,MLAC.HZ.220916.0730.10x_CorrectionData.txt,2022-09-16 07:30:00,45.5,15,10,2.372791563938557,9108.382685629023,110.74077321528918,22.171987649464793
92,MLAC.HZ.220916.0800.10x_CorrectionData.txt,2022-09-16 08:00:00,46.0,15,10,2.3662642569784653,9083.326456248134,22.39279179742315,22.856907351638547
93,MLAC.HZ.220916.0830.10x_CorrectionData.txt,2022-09-16 08:30:00,46.5,15,10,2.3498095915631874,9020.16229474144,28.651932176456558,2.8954135967023285
94,MLAC.HZ.220916.0900.10x_CorrectionData.txt,2022-09-16 09:00:00,47.0,15,10,2.312204050725546,8875.806733867506,37.89817445148234,4.440750099732549
95,MLAC.HZ.220916.0930.10x_CorrectionData.txt,2022-09-16 09:30:00,47.5,15,10,2.567975529470678,9857.631072712053,77.5288534840501,76.53174429131158
96,MLAC.HZ.220916.1000.10x_CorrectionData.txt,2022-09-16 10:00:00,48.0,15,10,2.432213506566433,9336.484387271876,19.72349587403094,25.86858506320717
97,MLAC.HZ.220916.1030_CorrectionData.txt,2022-09-16 10:30:00,48.5,15,1,0.8381860986529228,32175.265052075672,135.4501818763902,202.3667730516358
98,MLAC.HZ.220916.1300.10x_CorrectionData.txt,2022-09-16 13:00:00,51.0,15,10,2.3308969647001367,8947.56281079299,13.776393227466698,17.621228301886855
99,MLAC.HZ.220916.1330_CorrectionData.txt,2022-09-16 13:30:00,51.5,15,1,0.8546045867621623,32805.51793686836,128.58394461161237,214.28499124401242
100,MLAC.HZ.220916.1600.10x_CorrectionData.txt,2022-09-16 16:00:00,54.0,15,10,2.1365328118168603,8201.461420458298,36.5305384882804,39.38060310913825
101,MLAC.HZ.220916.1630_CorrectionData.txt,2022-09-16 16:30:00,54.5,15,1,0.8322416548009065,31947.076995946856,148.6081631474176,160.70381057311045
102,MLAC.HZ.220916.1900.10x_CorrectionData.txt,2022-09-16 19:00:00,57.0,15,10,2.12260222872895,8147.98639815671,19.700672974410914,28.370156417636853
103,MLAC.HZ.220916.1930_CorrectionData.txt,2022-09-16 19:30:00,57.5,15,1,0.8074065922166316,30993.73892160018,147.91210613093747,219.19284982867606
104,MLAC.HZ.220916.2200.10x_CorrectionData.txt,2022-09-16 22:00:00,60.0,15,10,1.851025352049357,7105.490226575719,0.005835882986397638,13.006146646542105
105,MLAC.HZ.220916.2230_CorrectionData.txt,2022-09-16 22:30:00,60.5,15,1,0.8189170482862809,31435.588262106354,138.73720828776874,191.26496640137265
106,MLAC.HZ.220917.0100.10x_CorrectionData.txt,2022-09-17 01:00:00,63.0,15,10,1.8279337245208525,7016.848904868343,25.910826368661887,0.006711874148690153
107,MLAC.HZ.220917.0130_CorrectionData.txt,2022-09-17 01:30:00,63.5,15,1,0.7635183137919399,29309.009249677427,144.92859563679576,285.0121553568733
108,MLAC.HZ.220917.0400.10x_CorrectionData.txt,2022-09-17 04:00:00,66.0,15,10,1.655537896044178,6355.076837301993,49.27413976486716,19.606261447424195
109,MLAC.HZ.220917.0430.10x_CorrectionData.txt,2022-09-17 04:30:00,66.5,15,10,1.6759495229040717,6433.430499503815,21.304635816043287,11.032613871221134
110,MLAC.HZ.220917.0700.10x_CorrectionData.txt,2022-09-17 07:00:00,69.0,15,10,1.6549385136045658,6352.776001140062,18.478162436878865,3.278828463430708
111,MLAC.HZ.220917.0730_CorrectionData.txt,2022-09-17 07:30:00,69.5,15,1,0.6769378116065784,25985.462592636828,164.04658767203935,228.75014748773376
112,MLAC.HZ.220917.1000.10x_CorrectionData.txt,2022-09-17 10:00:00,72.0,15,10,1.5291993440598273,5870.103822010415,8.719738021828384,13.964218166153348
113,MLAC.HZ.220917.1030_CorrectionData.txt,2022-09-17 10:30:00,72.5,15,1,0.6460910013122929,24801.352883796728,168.88012878342627,310.1256939071716
114,MLAC.HZ.220917.1300.10x_CorrectionData.txt,2022-09-17 13:00:00,75.0,15,10,1.5004264105826934,5759.653796360935,40.318352647143534,20.807146490892226
115,MLAC.HZ.220917.1330.10x_CorrectionData.txt,2022-09-17 13:30:00,75.5,15,10,1.5097937537204233,5795.612010029068,59.92721503069549,18.042279280282415
116,MLAC.HZ.220917.1600.10x_CorrectionData.txt,2022-09-17 16:00:00,78.0,15,10,1.5451417466690474,5931.301571572587,61.93352237773874,18.46861434311792
117,MLAC.HZ.220917.1630_CorrectionData.txt,2022-09-17 16:30:00,78.5,15,1,0.6222141275794819,23884.796593728435,198.21632618589805,262.24623980926094
118,MLAC.HZ.220917.1900.10x_CorrectionData.txt,2022-09-17 19:00:00,81.0,15,10,1.451457451123285,5571.677730847203,89.78634791429616,22.025965387614704
119,MLAC.HZ.220917.1930.10x_CorrectionData.txt,2022-09-17 19:30:00,81.5,15,10,1.3913819131851062,5341.067087290428,69.62742215005416,32.21953618533652
120,MLAC.HZ.220917.2200.10x_CorrectionData.txt,2022-09-17 22:00:00,84.0,15,10,1.5103707581412436,5797.826944183421,23.795300566745027,8.150152698195276
121,MLAC.HZ.220917.2230_CorrectionData.txt,2022-09-17 22:30:00,84.5,15,1,0.6335673424275028,24320.609950112306,167.85623726123333,265.563529792193
122,MLAC.HZ.220918.0100.10x_CorrectionData.txt,2022-09-18 01:00:00,87.0,15,10,1.2804720214613008,4915.319730128862,33.21672363308448,14.703639310370203
123,MLAC.HZ.220918.0130_CorrectionData.txt,2022-09-18 01:30:00,87.5,15,1,0.6302905189854832,24194.823250779926,165.04402554554835,241.17162109379842
124,MLAC.HZ.220918.0400.10x_CorrectionData.txt,2022-09-18 04:00:00,90.0,15,10,1.2625932877495054,4846.689029035512,56.560056570586596,10.533340964802276
125,MLAC.HZ.220918.0430_CorrectionData.txt,2022-09-18 04:30:00,90.5,15,1,0.6211150685076942,23842.60725534703,182.15632053389723,280.3721030610435
126,MLAC.HZ.220918.0700.10x_CorrectionData.txt,2022-09-18 07:00:00,93.0,15,10,1.2092226699726614,4641.816414741053,12.048524479776214,8.373372860137822
127,MLAC.HZ.220918.0730_CorrectionData.txt,2022-09-18 07:30:00,93.5,15,1,0.6225664278428549,23898.32026629967,190.1890300821711,279.93103198780074
128,MLAC.HZ.220918.1000.10x_CorrectionData.txt,2022-09-18 10:00:00,96.0,15,10,1.176312585312165,4515.485198017284,38.889983736749116,1.8575041273496306e-17
129,MLAC.HZ.220918.1030.10x_CorrectionData.txt,2022-09-18 10:30:00,96.5,15,10,1.1832278903341054,4542.030827007609,53.89233425790319,13.164115924378578
130,MLAC.HZ.220918.1300.10x_CorrectionData.txt,2022-09-18 13:00:00,99.0,15,10,1.1862115579431578,4553.484166105316,1.4728819861311428e-17,6.512363981986198e-19
131,MLAC.HZ.220918.1330_CorrectionData.txt,2022-09-18 13:30:00,99.5,15,1,0.6120506230846561,23494.6523864879,212.2351646779984,265.4401927575217
132,MLAC.HZ.220918.1600.5x_CorrectionData.txt,2022-09-18 16:00:00,102.0,15,5,1.0736623335018547,8242.88787713642,154.62903275976532,38.0521164493967
133,MLAC.HZ.220918.1630_CorrectionData.txt,2022-09-18 16:30:00,102.5,15,1,0.6095908818555159,23400.23084199522,262.4951761386263,364.0465266922636
134,MLAC.HZ.220918.1900.5x_CorrectionData.txt,2022-09-18 19:00:00,105.0,15,5,1.0187177955233782,7821.059102962641,168.27317788281854,41.96315272763323
135,MLAC.HZ.220918.1930_CorrectionData.txt,2022-09-18 19:30:00,105.5,15,1,0.5930660673251812,22765.896428307842,328.1788124112078,375.55835698992627
136,MLAC.HZ.220918.2200.5x_CorrectionData.txt,2022-09-18 22:00:00,108.0,15,5,0.9616154471592385,7382.664050440316,228.75895827662185,179.81039529276075
137,MLAC.HZ.220918.2230_CorrectionData.txt,2022-09-18 22:30:00,108.5,15,1,0.6016451992530336,23095.2216749792,536.1068174365457,495.90352734350085
138,MLAC.HZ.220919.0100.5x_CorrectionData.txt,2022-09-19 01:00:00,111.0,15,5,0.9868836001961798,7576.65665486232,219.3730075364215,193.69596487014894
139,MLAC.HZ.220919.0130_CorrectionData.txt,2022-09-19 01:30:00,111.5,15,1,0.601509616044849,23090.01707224603,651.4478527576601,581.8867970444843
140,MLAC.HZ.220919.0400.5x_CorrectionData.txt,2022-09-19 04:00:00,114.0,15,5,0.937874987066415,7200.400088493813,227.36054569880778,191.99298687962704
141,MLAC.HZ.220919.0430.5x_CorrectionData.txt,2022-09-19 04:30:00,114.5,15,5,1.0104459194441182,7757.55296613793,200.12944209316697,202.17537681495608
142,MLAC.HZ.220919.0700.5x_CorrectionData.txt,2022-09-19 07:00:00,117.0,15,5,0.9574045787627963,7350.335715009156,82.57184221313626,70.53443395246802
143,MLAC.HZ.220919.0730.5x_CorrectionData.txt,2022-09-19 07:30:00,117.5,15,5,0.9549066507651547,7331.158232697223,107.28157508226869,126.72368707958428
144,MLAC.HZ.220919.1000.5x_CorrectionData.txt,2022-09-19 10:00:00,120.0,15,5,0.8271710564444403,6350.486610856061,138.18108033254111,64.1447184889831
145,MLAC.HZ.220919.1200.5x_CorrectionData.txt,2022-09-19 12:00:00,122.0,15,5,0.8588215035177527,6593.478358210773,6.835974410168182e-15,2.798700834409944e-15
146,MLAC.HZ.220919.1400.5x_CorrectionData.txt,2022-09-19 14:00:00,124.0,15,5,0.8806747362837718,6761.253404258757,150.12818797308242,75.35823697673328
147,MLAC.HZ.220919.1600.5x_CorrectionData.txt,2022-09-19 16:00:00,126.0,15,5,0.7907260348594665,6070.68520846828,1.715549969831494e-19,6.019815478087667e-19
148,MLAC.HZ.220919.1800.5x_CorrectionData.txt,2022-09-19 18:00:00,128.0,15,5,0.7777710485767653,5971.225167777598,35.58195659095809,59.89291579505881
149,MLAC.HZ.220919.2000.5x_CorrectionData.txt,2022-09-19 20:00:00,130.0,15,5,0.9694121066633503,7442.5217804763415,2.27200179124456,10.055007828396844
150,MLAC.HZ.220919.2200.5x_CorrectionData.txt,2022-09-19 22:00:00,132.0,15,5,0.7971146438623724,6119.732833646729,93.60851354568268,56.58579163265559
151,MLAC.HZ.220920.0000.5x_CorrectionData.txt,2022-09-20 00:00:00,134.0,15,5,0.7479098395843935,5741.970038004124,127.6738695707808,83.92793841408722
152,MLAC.HZ.220920.0200.5x_CorrectionData.txt,2022-09-20 02:00:00,136.0,15,5,0.820824777194141,6301.763966254573,5.751976616635759,41.40287590358851
153,MLAC.HZ.220920.0400.5x_CorrectionData.txt,2022-09-20 04:00:00,138.0,15,5,0.7548835354326773,5795.509583141344,137.5965991011342,44.60551301089842
154,MLAC.HZ.220920.0600.5x_CorrectionData.txt,2022-09-20 06:00:00,140.0,15,5,0.9688794081955955,7438.432064738897,11.958492323546404,13.95782634829488
155,MLAC.HZ.220920.0800.5x_CorrectionData.txt,2022-09-20 08:00:00,142.0,15,5,0.7610058107752624,5842.512470014806,120.11767467898346,39.939382931262344
156,MLAC.HZ.220920.1000.5x_CorrectionData.txt,2022-09-20 10:00:00,144.0,15,5,0.7634293166256385,5861.118587013509,0.0,10.696653038028964
157,MLAC.HZ.220920.1200.5x_CorrectionData.txt,2022-09-20 12:00:00,146.0,15,5,0.5919564988265372,4544.660733374749,4.3924765022473355e-18,36.94633842008059
158,MLAC.HZ.220920.1400.5x_CorrectionData.txt,2022-09-20 14:00:00,148.0,15,5,0.7379695709064795,5665.655057377569,146.76390587307282,41.448378990499755
159,MLAC.HZ.220921.1200.5x_CorrectionData.txt,2022-09-21 12:00:00,170.0,15,5,0.6107161486981396,4688.685242460024,97.14038110494445,63.570666389598884
160,MLAC.HZ.220921.1400.5x_CorrectionData.txt,2022-09-21 14:00:00,172.0,15,5,0.6087789815010668,4673.8129204026245,7.021754260811642e-18,30.76589454046858
161,MLAC.HZ.220921.1600.5x_CorrectionData.txt,2022-09-21 16:00:00,174.0,15,5,0.5769155209846114,4429.185793028177,83.69405635548104,42.47684115810633
162,MLAC.HZ.220921.1800.5x_CorrectionData.txt,2022-09-21 18:00:00,176.0,15,5,0.5893390602142496,4524.565725537411,160.9493394410665,84.50849700041948
163,MLAC.HZ.220921.2000.5x_CorrectionData.txt,2022-09-21 20:00:00,178.0,15,5,0.5885213780560818,4518.288088575957,145.663830152727,68.30528627512706
164,MLAC.HZ.220921.2200.5x_CorrectionData.txt,2022-09-21 22:00:00,180.0,15,5,0.5668398482144369,4351.8312669916895,25.21739640622736,1.3669444469508282e-19
165,MLAC.HZ.220922.0000.5x_CorrectionData.txt,2022-09-22 00:00:00,182.0,15,5,0.5962021551836436,4577.256148361819,132.84404355056714,71.88579711670083
166,MLAC.HZ.220922.0200.5x_CorrectionData.txt,2022-09-22 02:00:00,184.0,15,5,0.562362899311719,4317.460136809252,65.78206060617589,6.276204130262858
167,MLAC.HZ.220922.0400.5x_CorrectionData.txt,2022-09-22 04:00:00,186.0,15,5,0.5594768087670048,4295.302592466841,55.667393723364874,5.453823285653312
168,MLAC.HZ.220922.0600.5x_CorrectionData.txt,2022-09-22 06:00:00,188.0,15,5,0.5448750842165114,4183.19995597965,102.49415433672901,20.675701403123327
169,MLAC.HZ.220922.0800.5x_CorrectionData.txt,2022-09-22 08:00:00,190.0,15,5,0.5442311458699394,4178.256212099514,105.30163822848048,32.265009745151296
170,MLAC.HZ.220922.1000.5x_CorrectionData.txt,2022-09-22 10:00:00,192.0,15,5,0.6726842943253095,5164.436752427603,133.3869739892591,35.85981180305222
171,MLAC.HZ.220922.1200.5x_CorrectionData.txt,2022-09-22 12:00:00,194.0,15,5,0.5449910802813595,4184.090499055343,74.93079587151838,42.90975458711771
172,MLAC.HZ.220922.1400.5x_CorrectionData.txt,2022-09-22 14:00:00,196.0,15,5,0.5397670090077074,4143.983444512008,96.9547189426768,9.905054547995062
173,MLAC.HZ.220922.1600.5x_CorrectionData.txt,2022-09-22 16:00:00,198.0,15,5,0.5128018331799588,3936.9621921128078,67.3341497396415,8.438073324872084
174,MLAC.HZ.220922.1800.5x_CorrectionData.txt,2022-09-22 18:00:00,200.0,15,5,0.5291042994378323,4062.122028023377,130.3797119896008,14.464570101169528
175,MLAC.HZ.220922.2000.5x_CorrectionData.txt,2022-09-22 20:00:00,202.0,15,5,0.5339431452572309,4099.271569643191,87.4282665326617,20.674757411392896
176,MLAC.HZ.220922.2200.5x_CorrectionData.txt,2022-09-22 22:00:00,204.0,15,5,0.5044501753365459,3872.8435422884027,200.39258992791417,170.68421903209918
177,MLAC.HZ.220923.0000.5x_CorrectionData.txt,2022-09-23 00:00:00,206.0,15,5,0.5257874212328937,4036.657173485496,86.34101945647996,9.757575901014006
178,MLAC.HZ.220923.0200.5x_CorrectionData.txt,2022-09-23 02:00:00,208.0,15,5,0.47406149968082234,3639.538863202013,114.02351519190512,18.847744204193862
179,MLAC.HZ.220923.0400.5x_CorrectionData.txt,2022-09-23 04:00:00,210.0,15,5,0.517480050335777,3972.8785303106215,136.48930758759485,234.7960008482796
180,MLAC.HZ.220923.0600.5x_CorrectionData.txt,2022-09-23 06:00:00,212.0,15,5,0.5025966871977472,3858.61365414481,128.64160816988493,11.731246989192778
181,MLAC.HZ.220923.0800.5x_CorrectionData.txt,2022-09-23 08:00:00,214.0,15,5,0.49229089059839665,3779.492385565005,116.53027693708687,8.366061724127801
182,MLAC.HZ.220923.1000.5x_CorrectionData.txt,2022-09-23 10:00:00,216.0,15,5,0.48556609468455975,3727.8637338141457,5.234352790354113,14.20744456986112
183,MLAC.HZ.220923.1200.5x_CorrectionData.txt,2022-09-23 12:00:00,218.0,15,5,0.47678646716564527,3660.4594084659766,52.87141785695826,43.14573224518803
184,MLAC.HZ.220923.1400.5x_CorrectionData.txt,2022-09-23 14:00:00,220.0,15,5,0.4735336499325944,3635.486372810154,101.9021884805029,40.636536204281846
185,MLAC.HZ.220923.1600.5x_CorrectionData.txt,2022-09-23 16:00:00,222.0,15,5,0.497422623421549,3818.8905249583277,99.812457816427,33.54203592288217
186,MLAC.HZ.220923.1800.5x_CorrectionData.txt,2022-09-23 18:00:00,224.0,15,5,0.45042203779718853,3458.050300455207,45.363033189123286,60.81362883169202
187,MLAC.HZ.220923.2000.5x_CorrectionData.txt,2022-09-23 20:00:00,226.0,15,5,0.4413337112233045,3388.2759825884473,42.637798331974885,59.70919432222966
188,MLAC.HZ.220923.2200.5x_CorrectionData.txt,2022-09-23 22:00:00,228.0,15,5,0.4439438827188248,3408.3151981838173,81.40834434565132,47.71074288197361
189,MLAC.HZ.220924.0000.5x_CorrectionData.txt,2022-09-24 00:00:00,230.0,15,5,0.4257893965229057,3268.9367460294056,56.047825744235595,25.28532607387623
190,MLAC.HZ.220924.0200.5x_CorrectionData.txt,2022-09-24 02:00:00,232.0,15,5,0.44616492136250874,3425.366902373682,86.81879580359568,59.15523688033923
191,MLAC.HZ.220924.0400.5x_CorrectionData.txt,2022-09-24 04:00:00,234.0,15,5,0.41344932869500306,3174.1976531808214,126.31587558767816,83.3927100424128
192,MLAC.HZ.220924.0600.5x_CorrectionData.txt,2022-09-24 06:00:00,236.0,15,5,0.46789607638078334,3592.204714101757,75.33543138591524,48.399009018486225
193,MLAC.HZ.220924.0800.5x_CorrectionData.txt,2022-09-24 08:00:00,238.0,15,5,0.4222900105601226,3242.0707144755506,141.13636299891488,81.0553557089882
194,MLAC.HZ.220924.1000.5x_CorrectionData.txt,2022-09-24 10:00:00,240.0,15,5,0.4360157389675872,3347.4480167841275,11.856736746398942,84.46790649055919
195,MLAC.HZ.220924.1200.5x_CorrectionData.txt,2022-09-24 12:00:00,242.0,15,5,0.39961250828113687,3067.967457998721,121.29061509561487,65.6641083764616
196,MLAC.HZ.220924.1400.5x_CorrectionData.txt,2022-09-24 14:00:00,244.0,15,5,0.4748654599520489,3645.711152353462,9.165416571122098,2.5816306485579113e-19
197,MLAC.HZ.220924.1600.5x_CorrectionData.txt,2022-09-24 16:00:00,246.0,15,5,0.4140266882304362,3178.6302478308066,0.36765574581012433,7.5932502005601625
198,MLAC.HZ.220924.1800.2x_CorrectionData.txt,2022-09-24 18:00:00,248.0,15,2,0.4790613619590149,9194.811463714268,125.48309631142943,89.01469284416028
199,MLAC.HZ.220924.2000.2x_CorrectionData.txt,2022-09-24 20:00:00,250.0,15,2,0.4730239340631065,9078.932756649188,16.538713015020587,32.52301793987331
200,MLAC.HZ.220924.2200.2x_CorrectionData.txt,2022-09-24 22:00:00,252.0,15,2,0.45431376039392124,8719.821099975386,127.35681215667881,105.15626884132624
201,MLAC.HZ.220925.0000.2x_CorrectionData.txt,2022-09-25 00:00:00,254.0,15,2,0.5862716097154603,11252.53954069274,222.97592448942132,138.58332238175734
202,MLAC.HZ.220925.0200.2x_CorrectionData.txt,2022-09-25 02:00:00,256.0,15,2,0.47870986441467117,9188.065034327888,187.15132554810384,65.48151346819483
203,MLAC.HZ.220925.0400.2x_CorrectionData.txt,2022-09-25 04:00:00,258.0,15,2,0.5074069773162265,9738.859908712473,51.96058843672097,109.92301238134134
204,MLAC.HZ.220925.0600.2x_CorrectionData.txt,2022-09-25 06:00:00,260.0,15,2,0.45575913346894187,8747.562708827325,3.781079675877947e-17,30.230287219358154
205,MLAC.HZ.220925.0800.2x_CorrectionData.txt,2022-09-25 08:00:00,262.0,15,2,0.4414471367216943,8472.866976276278,2.4321694538858187,53.22588644736312
206,MLAC.HZ.220925.1000.2x_CorrectionData.txt,2022-09-25 10:00:00,264.0,15,2,0.417628879613684,8015.713882971369,144.10141549127712,116.22937766583347
207,MLAC.HZ.220925.1200.2x_CorrectionData.txt,2022-09-25 12:00:00,266.0,15,2,0.4326564180901772,8304.14328685823,20.19296373383689,54.16933856078772
208,MLAC.HZ.220925.1400.2x_CorrectionData.txt,2022-09-25 14:00:00,268.0,15,2,0.429185035129106,8237.515680501343,132.68193848168016,74.21502126729655
209,MLAC.HZ.220925.1600.2x_CorrectionData.txt,2022-09-25 16:00:00,270.0,15,2,0.45175992296605316,8670.80430270708,108.05131461582138,103.04896632798402
210,MLAC.HZ.220925.1800.2x_CorrectionData.txt,2022-09-25 18:00:00,272.0,15,2,0.4216910351596487,8093.6804178400735,223.4053559192515,134.65777014818204
211,MLAC.HZ.220925.2000.2x_CorrectionData.txt,2022-09-25 20:00:00,274.0,15,2,0.42357356628776593,8129.812571614337,63.020394791934834,75.02586891128243
212,MLAC.HZ.220925.2200.2x_CorrectionData.txt,2022-09-25 22:00:00,276.0,15,2,0.41499824016457065,7965.22299457099,192.93794551479937,90.47432569329752
213,MLAC.HZ.220926.0000.2x_CorrectionData.txt,2022-09-26 00:00:00,278.0,15,2,0.4463381397967588,8566.741904865306,160.74501825850876,51.021843084541246
214,MLAC.HZ.220926.0200.2x_CorrectionData.txt,2022-09-26 02:00:00,280.0,15,2,0.41977302024779456,8056.86720997256,18.899791268280428,9.852456673789243
215,MLAC.HZ.220926.0400.2x.a_CorrectionData.txt,2022-09-26 04:00:00,282.0,15,1,0.20918170602957975,8029.812050526585,147.43774348842823,32.541243801220446
216,MLAC.HZ.220926.0400_CorrectionData.txt,2022-09-26 04:00:00,282.0,15,1,0.20918170602957975,8029.812050526585,147.43774348842823,32.541243801220446
217,MLAC.HZ.220926.0600.2x_CorrectionData.txt,2022-09-26 06:00:00,284.0,15,2,0.42948240782960845,8243.223270661389,189.8269656598891,16.429015005904503
218,MLAC.HZ.220926.0800.2x_CorrectionData.txt,2022-09-26 08:00:00,286.0,15,2,0.4030275961056396,7735.465756853039,235.69333550073637,64.22275740343781
219,MLAC.HZ.220926.1000.2x_CorrectionData.txt,2022-09-26 10:00:00,288.0,15,2,0.3986284466476539,7651.031166466808,17.709769765774883,5.1143279503442144e-20
220,MLAC.HZ.220926.1200.2x_CorrectionData.txt,2022-09-26 12:00:00,290.0,15,2,0.3917989621382927,7519.950208066941,113.32263379307985,54.504286590718934
221,MLAC.HZ.220926.1400.2x_CorrectionData.txt,2022-09-26 14:00:00,292.0,15,2,0.3976584263623056,7632.413189005042,1.042999980885966e-17,19.080819511854777
222,MLAC.HZ.220926.1600.2x_CorrectionData.txt,2022-09-26 16:00:00,294.0,15,2,0.38489275060907274,7387.396598065849,132.62651707781828,10.52794124986896
223,MLAC.HZ.220926.1800.2x_CorrectionData.txt,2022-09-26 18:00:00,296.0,15,2,0.3791953078654839,7278.043358559365,107.07016850885273,1.9249859723772527
224,MLAC.HZ.220927.1000_CorrectionData.txt,2022-09-27 10:00:00,312.0,15,1,0.3531463691260736,13556.15184631522,62.47210208151601,6.649052384597166
225,MLAC.HZ.220927.2200_CorrectionData.txt,2022-09-27 22:00:00,324.0,15,1,0.34514481007260905,13248.99776228923,10.362914086611422,60.097803132267174
226,MLAC.HZ.220928.1000_CorrectionData.txt,2022-09-28 10:00:00,336.0,15,1,0.3359602962410211,12896.433853891407,15.631372342291472,56.33518458694245
227,MLAC.HZ.220928.2200_CorrectionData.txt,2022-09-28 22:00:00,348.0,15,1,0.3257357727300663,12503.947323125913,27.13727521685729,126.29541912401402
228,MLAC.HZ.220929.1000_CorrectionData.txt,2022-09-29 10:00:00,360.0,15,1,0.31610253255241955,12134.158255370883,5.842668940271484e-15,6.46793913226095
229,MLAC.HZ.220929.2200_CorrectionData.txt,2022-09-29 22:00:00,372.0,15,1,0.29363740494098584,11271.794352547568,14.456705470274862,24.785366232800232
230,MLAC.HZ.220930.1000_CorrectionData.txt,2022-09-30 10:00:00,384.0,15,1,0.3021941674517367,11600.260909334353,1.6514190926082347e-17,11.790117837005573
231,MLAC.HZ.220930.2200_CorrectionData.txt,2022-09-30 22:00:00,396.0,15,1,0.26973664306708556,10354.32107367168,104.32039887539418,86.63056382043223
232,MLAC.HZ.221001.1000_CorrectionData.txt,2022-10-01 10:00:00,408.0,15,1,0.2691505771411349,10331.823890127645,98.84366700948571,67.73162211780645
233,MLAC.HZ.221001.2200_CorrectionData.txt,2022-10-01 22:00:00,420.0,15,1,0.2574786851013536,9883.777542612781,28.924390105316952,75.72890314341292
234,MLAC.HZ.221002.1000_CorrectionData.txt,2022-10-02 10:00:00,432.0,15,1,0.2553996140660895,9803.968700961477,118.6607825733987,89.45329319275685
235,MLAC.HZ.221002.2200_CorrectionData.txt,2022-10-02 22:00:00,444.0,15,1,0.23681006253906833,9090.375683202785,1.4832715316290391e-18,7.725379577766613
236,MLAC.HZ.221003.1000_CorrectionData.txt,2022-10-03 10:00:00,456.0,15,1,0.24420669740544887,9374.308675770542,25.90499459505575,50.480473403173804
237,MLAC.HZ.221003.2200_CorrectionData.txt,2022-10-03 22:00:00,468.0,15,1,0.22469744853010107,8625.411438581752,12.469926268010497,40.20564032247845
238,MLAC.HZ.221004.1000_CorrectionData.txt,2022-10-04 10:00:00,480.0,15,1,0.22263374202507671,8546.192391766772,2.845308018646595e-14,29.27010655296709
239,MLAC.HZ.221004.2200_CorrectionData.txt,2022-10-04 22:00:00,492.0,15,1,0.20938150250246235,8037.481593700588,98.9127786367734,142.23061446044915
240,MLAC.HZ.221005.1000_CorrectionData.txt,2022-10-05 10:00:00,504.0,15,1,0.24156076968450246,9272.740031448111,4.848633339764685e-20,2.3386964700326925e-18
241,MLAC.HZ.221005.2200_CorrectionData.txt,2022-10-05 22:00:00,516.0,15,1,0.22164803251774168,8508.354178136378,12.773788664103588,29.54783147249351
242,MLAC.HZ.221006.1000_CorrectionData.txt,2022-10-06 10:00:00,528.0,15,1,0.20755263164217896,7967.27713102791,186.86063666892437,107.05049752302533
243,MLAC.HZ.221006.2200_CorrectionData.txt,2022-10-06 22:00:00,540.0,15,1,0.21682142189491907,8323.07613983192,27.257080781489776,17.44190149705236
244,MLAC.HZ.221007.1000_CorrectionData.txt,2022-10-07 10:00:00,552.0,15,1,0.19443269143780448,7463.644877735278,135.13299896810514,79.02518961686619
245,MLAC.HZ.221007.2200_CorrectionData.txt,2022-10-07 22:00:00,564.0,15,1,0.19080150741615667,7324.255416925622,2.884606597076289e-17,33.208407520836126
246,MLAC.HZ.221008.1000_CorrectionData.txt,2022-10-08 10:00:00,576.0,15,1,0.18148247510295173,6966.527777218743,140.31862468120462,25.76672678614234
247,MLAC.HZ.221008.2200_CorrectionData.txt,2022-10-08 22:00:00,588.0,15,1,0.17656396295324867,6777.721935254904,1.2015810169951086e-17,8.365283346421213
248,MLAC.HZ.221009.1000_CorrectionData.txt,2022-10-09 10:00:00,600.0,15,1,0.1817568015328559,6977.058285428247,1.3323754283710247e-18,5.181138870248923
249,MLAC.HZ.221010.1000_CorrectionData.txt,2022-10-10 10:00:00,624.0,15,1,0.17799659628633047,6832.716115292519,149.60797991190822,98.06505533080166
250,MLAC.HZ.221010.2200_CorrectionData.txt,2022-10-10 22:00:00,636.0,15,1,0.16457735487985017,6317.594652713743,82.88595158992982,40.88517846065881
251,MLAC.HZ.221011.1000_CorrectionData.txt,2022-10-11 10:00:00,648.0,15,1,0.18517012615825693,7108.084825605371,1.1360089191503526e-16,1.1639995917969674e-16
252,MLAC.HZ.221012.1000_CorrectionData.txt,2022-10-12 10:00:00,672.0,15,1,0.1378749240022925,5292.574323217788,244.46258836143238,98.69953043284818
253,MLAC.HZ.221012.2200_CorrectionData.txt,2022-10-12 22:00:00,684.0,15,1,0.14310592874324254,5493.375749415654,182.52718239658654,175.26406944019166
254,MLAC.HZ.221013.1000_CorrectionData.txt,2022-10-13 10:00:00,696.0,15,1,0.13031206561339678,5002.260544923077,3.103135705821384e-20,0.00084677424407089
255,MLAC.HZ.221013.2200_CorrectionData.txt,2022-10-13 22:00:00,708.0,15,1,0.1368977039022678,5255.061990594946,248.20034387048617,184.68251339232307
256,MLAC.HZ.221014.1000_CorrectionData.txt,2022-10-14 10:00:00,720.0,15,1,0.12064648307295642,4631.229958015002,28.529905027180263,8.558099855957103
257,MLAC.HZ.221014.2200_CorrectionData.txt,2022-10-14 22:00:00,732.0,15,1,0.1085318469340286,4166.188090336805,19.115711558928442,40.69986440029358
258,MLAC.HZ.221015.1000_CorrectionData.txt,2022-10-15 10:00:00,744.0,15,1,0.11063684191246886,4246.992068681772,308.76476057667367,231.5873399015205
259,MLAC.HZ.221015.2200_CorrectionData.txt,2022-10-15 22:00:00,756.0,15,1,0.11426128544806323,4386.122783938743,10.800539344993947,13.668124715997761
260,MLAC.HZ.221016.1000_CorrectionData.txt,2022-10-16 10:00:00,768.0,15,1,0.10712421599532143,4112.153671702095,94.11140089411232,85.36811225101545
261,MLAC.HZ.221016.2200_CorrectionData.txt,2022-10-16 22:00:00,780.0,15,1,0.10112245703316869,3881.7654730714025,241.3483287845641,89.77755877591012
262,MLAC.HZ.221017.1000_CorrectionData.txt,2022-10-17 10:00:00,792.0,15,1,0.11947284236561158,4586.17767082554,284.92655745648386,48.58858803012096
263,MLAC.HZ.221017.2200_CorrectionData.txt,2022-10-17 22:00:00,804.0,15,1,0.12378682247897542,4751.777474735365,115.40582879642486,41.877988362569916
